0;1563729841.6079;3276.75;27.770
1;1563729841.6129;3276.75;27.770
2;1563729841.6179;3276.75;27.790
3;1563729841.6229;0.00;27.790
4;1563729841.6279;3276.75;27.780
5;1563729841.6329;0.00;27.780
6;1563729841.6378;3276.75;27.810
7;1563729841.6428;0.00;27.755
8;1563729841.6478;3276.70;27.755
9;1563729841.6529;3276.75;27.785
10;1563729841.6579;0.00;27.775
11;1563729841.6628;3276.70;27.785
12;1563729841.6678;3276.70;27.785
13;1563729841.6729;3276.70;27.780
14;1563729841.6778;3276.75;27.790
15;1563729841.6828;3276.75;27.790
16;1563729841.6879;3276.75;27.775
17;1563729841.6930;3276.70;27.770
18;1563729841.6979;3276.75;27.805
19;1563729841.7030;3276.70;27.805
20;1563729841.7079;3276.75;27.775
21;1563729841.7129;3276.70;27.770
22;1563729841.7178;3276.75;27.760
23;1563729841.7230;0.00;27.760
24;1563729841.7279;3276.75;27.790
25;1563729841.7329;0.00;27.795
26;1563729841.7379;3276.75;27.795
27;1563729841.7429;3276.75;27.780
28;1563729841.7479;0.00;27.775
29;1563729841.7529;3276.75;27.780
30;1563729841.7578;3276.75;27.780
31;1563729841.7628;3276.75;27.775
32;1563729841.7677;3276.70;27.800
33;1563729841.7728;3276.75;27.800
34;1563729841.7778;0.00;27.790
35;1563729841.7828;3276.75;27.795
36;1563729841.7878;3276.75;27.795
37;1563729841.7928;3276.75;27.795
38;1563729841.7978;3276.70;27.780
39;1563729841.8029;3276.70;27.785
40;1563729841.8078;0.00;27.820
41;1563729841.8128;0.00;27.820
42;1563729841.8178;3276.75;27.805
43;1563729841.8228;0.00;27.770
44;1563729841.8278;3276.75;27.770
45;1563729841.8329;0.00;27.800
46;1563729841.8378;3276.75;27.775
47;1563729841.8430;3276.75;27.795
48;1563729841.8479;3276.70;27.795
49;1563729841.8528;3276.70;27.795
50;1563729841.8578;3276.75;27.795
51;1563729841.8629;3276.75;27.795
52;1563729841.8678;3276.75;27.790
53;1563729841.8728;3276.75;27.770
54;1563729841.8778;3276.75;27.770
55;1563729841.8828;3276.75;27.770
56;1563729841.8878;3276.70;27.775
57;1563729841.8928;3276.75;27.755
58;1563729841.8978;3276.75;27.755
59;1563729841.9029;3276.75;27.805
60;1563729841.9078;3276.75;27.800
61;1563729841.9128;0.00;27.795
62;1563729841.9179;0.00;27.795
63;1563729841.9228;0.00;27.760
64;1563729841.9278;3276.75;27.795
65;1563729841.9328;0.00;27.775
66;1563729841.9379;0.00;27.775
67;1563729841.9429;3276.70;27.770
68;1563729841.9480;3276.75;27.770
69;1563729841.9529;3276.75;27.770
70;1563729841.9579;3276.70;27.760
71;1563729841.9629;3276.70;27.760
72;1563729841.9680;3276.70;27.755
73;1563729841.9729;3276.75;27.755
74;1563729841.9779;3276.70;27.815
75;1563729841.9830;3276.70;27.795
76;1563729841.9879;3276.70;27.795
77;1563729841.9929;3276.75;27.805
78;1563729841.9979;3276.75;27.790
79;1563729842.0029;3276.75;27.795
80;1563729842.0078;3276.75;27.795
81;1563729842.0128;3276.75;27.780
82;1563729842.0178;3276.75;27.755
83;1563729842.0229;3276.75;27.810
84;1563729842.0278;3276.75;27.810
85;1563729842.0328;3276.75;27.775
86;1563729842.0378;3276.75;27.780
87;1563729842.0428;3276.75;27.780
88;1563729842.0479;3276.75;27.805
89;1563729842.0529;3276.75;27.795
90;1563729842.0578;3276.75;27.800
91;1563729842.0628;3276.75;27.800
92;1563729842.0678;3276.75;27.775
93;1563729842.0729;3276.65;27.775
94;1563729842.0778;3276.75;27.775
95;1563729842.0829;3276.75;27.815
96;1563729842.0879;3276.70;27.755
97;1563729842.0928;3276.70;27.825
98;1563729842.0980;3276.75;27.825
99;1563729842.1029;3276.75;27.795
100;1563729842.1080;3276.75;27.755
101;1563729842.1129;0.00;27.800
102;1563729842.1179;3276.75;27.800
103;1563729842.1229;3276.75;27.765
104;1563729842.1278;3276.75;27.795
105;1563729842.1328;3276.75;27.795
106;1563729842.1378;0.00;27.780
107;1563729842.1428;3276.75;27.775
108;1563729842.1478;3276.75;27.765
109;1563729842.1528;3276.75;27.765
110;1563729842.1578;3276.75;27.795
111;1563729842.1628;3276.75;27.770
112;1563729842.1678;3276.75;27.770
113;1563729842.1729;3276.70;27.805
114;1563729842.1778;3276.70;27.810
115;1563729842.1829;3276.75;27.805
116;1563729842.1880;3276.70;27.805
117;1563729842.1929;3276.75;27.780
118;1563729842.1979;3276.75;27.780
119;1563729842.2029;3276.75;27.800
120;1563729842.2079;3276.75;27.800
121;1563729842.2129;0.00;27.810
122;1563729842.2179;0.00;27.775
123;1563729842.2229;0.00;27.775
124;1563729842.2278;0.00;27.785
125;1563729842.2328;0.00;27.795
126;1563729842.2379;3276.75;27.760
127;1563729842.2428;3276.70;27.760
128;1563729842.2479;3276.75;27.755
129;1563729842.2528;3276.75;27.765
130;1563729842.2578;3276.75;27.765
131;1563729842.2628;3276.70;27.750
132;1563729842.2679;3276.70;27.790
133;1563729842.2728;3276.70;27.795
134;1563729842.2778;3276.75;27.795
135;1563729842.2828;3276.75;27.810
136;1563729842.2878;3276.75;27.765
137;1563729842.2928;3276.75;27.765
138;1563729842.2979;3276.75;27.790
139;1563729842.3028;3276.75;27.795
140;1563729842.3079;3276.75;27.780
141;1563729842.3128;3276.70;27.780
142;1563729842.3179;3276.70;27.785
143;1563729842.3229;3276.75;27.760
144;1563729842.3278;3276.75;27.800
145;1563729842.3329;0.00;27.800
146;1563729842.3379;3276.75;27.800
147;1563729842.3429;3276.75;27.800
148;1563729842.3478;3276.75;27.800
149;1563729842.3530;3276.75;27.785
150;1563729842.3580;3276.75;27.815
151;1563729842.3629;3276.75;27.800
152;1563729842.3679;3276.70;27.800
153;1563729842.3728;3276.75;27.815
154;1563729842.3778;3276.75;27.785
155;1563729842.3828;3276.70;27.785
156;1563729842.3878;3276.70;27.835
157;1563729842.3928;3276.75;27.795
158;1563729842.3978;3276.75;27.795
159;1563729842.4029;3276.75;27.795
160;1563729842.4078;3276.75;27.795
161;1563729842.4128;3276.75;27.785
162;1563729842.4179;3276.75;27.780
163;1563729842.4228;3276.75;27.780
164;1563729842.4278;0.00;27.780
165;1563729842.4328;3276.75;27.790
166;1563729842.4378;3276.75;27.790
167;1563729842.4428;0.00;27.775
168;1563729842.4478;3276.75;27.795
169;1563729842.4528;3276.70;27.785
170;1563729842.4579;3276.75;27.785
171;1563729842.4628;3276.75;27.770
172;1563729842.4679;3276.75;27.795
173;1563729842.4728;3276.70;27.795
174;1563729842.4778;3276.70;27.775
175;1563729842.4829;3276.75;27.775
176;1563729842.4879;3276.70;27.795
177;1563729842.4929;3276.70;27.795
178;1563729842.4979;3276.70;27.755
179;1563729842.5028;3276.75;27.790
180;1563729842.5078;3276.70;27.790
181;1563729842.5128;3276.70;27.790
182;1563729842.5178;3276.75;27.775
183;1563729842.5228;3276.75;27.755
184;1563729842.5278;3276.75;27.755
185;1563729842.5328;3276.75;27.805
186;1563729842.5379;3276.75;27.790
187;1563729842.5428;3276.75;27.775
188;1563729842.5479;3276.75;27.775
189;1563729842.5529;3276.75;27.775
190;1563729842.5579;3276.75;27.780
191;1563729842.5630;0.00;27.780
192;1563729842.5679;3276.75;27.735
193;1563729842.5729;3276.75;27.775
194;1563729842.5779;3276.70;27.755
195;1563729842.5830;0.00;27.755
196;1563729842.5879;3276.75;27.770
197;1563729842.5929;0.00;27.755
198;1563729842.5979;3276.75;27.765
199;1563729842.6029;3276.70;27.765
200;1563729842.6079;3276.75;27.805
201;1563729842.6130;3276.75;27.795
202;1563729842.6179;3276.75;27.795
203;1563729842.6230;0.00;27.795
204;1563729842.6279;0.00;27.805
205;1563729842.6328;0.00;27.760
206;1563729842.6378;3276.75;27.760
207;1563729842.6428;3276.75;27.760
208;1563729842.6478;3276.75;27.800
209;1563729842.6528;0.00;27.800
210;1563729842.6578;3276.75;27.805
211;1563729842.6628;3276.75;27.790
212;1563729842.6678;3276.75;27.825
213;1563729842.6729;3276.70;27.825
214;1563729842.6778;3276.75;27.790
215;1563729842.6829;3276.75;27.775
216;1563729842.6879;3276.75;27.800
217;1563729842.6929;3276.75;27.800
218;1563729842.6978;3276.75;27.770
219;1563729842.7029;3276.70;27.785
220;1563729842.7079;0.00;27.785
221;1563729842.7129;3276.75;27.755
222;1563729842.7179;3276.75;27.775
223;1563729842.7228;3276.75;27.805
224;1563729842.7279;3276.75;27.805
225;1563729842.7329;3276.75;27.795
226;1563729842.7379;0.00;27.805
227;1563729842.7429;3276.75;27.805
228;1563729842.7479;3276.75;27.780
229;1563729842.7528;3276.75;27.790
230;1563729842.7579;3276.75;27.780
231;1563729842.7628;0.00;27.780
232;1563729842.7678;0.00;27.780
233;1563729842.7728;3276.75;27.775
234;1563729842.7778;3276.75;27.775
235;1563729842.7829;3276.75;27.815
236;1563729842.7878;3276.75;27.795
237;1563729842.7928;3276.75;27.815
238;1563729842.7978;3276.75;27.815
239;1563729842.8029;3276.75;27.775
240;1563729842.8078;3276.70;27.800
241;1563729842.8129;3276.75;27.815
242;1563729842.8179;3276.75;27.815
243;1563729842.8229;3276.75;27.775
244;1563729842.8278;3276.75;27.785
245;1563729842.8329;3276.75;27.785
246;1563729842.8378;3276.75;27.795
247;1563729842.8429;3276.75;27.775
248;1563729842.8479;3276.75;27.805
249;1563729842.8529;3276.75;27.805
250;1563729842.8579;3276.75;27.785
251;1563729842.8630;3276.75;27.745
252;1563729842.8679;3276.75;27.745
253;1563729842.8730;3276.70;27.775
254;1563729842.8778;3276.75;27.790
255;1563729842.8828;3276.70;27.795
256;1563729842.8878;3276.70;27.795
257;1563729842.8928;0.00;27.765
258;1563729842.8978;3276.75;27.735
259;1563729842.9028;3276.75;27.795
260;1563729842.9078;3276.75;27.795
261;1563729842.9129;3276.70;27.760
262;1563729842.9178;3276.75;27.790
263;1563729842.9229;3276.75;27.790
264;1563729842.9278;3276.70;27.785
265;1563729842.9329;3276.75;27.795
266;1563729842.9378;3276.70;27.785
267;1563729842.9429;3276.75;27.785
268;1563729842.9479;3276.75;27.815
269;1563729842.9529;3276.75;27.775
270;1563729842.9579;3276.75;27.775
271;1563729842.9628;0.00;27.795
272;1563729842.9679;3276.75;27.775
273;1563729842.9728;3276.70;27.755
274;1563729842.9778;3276.75;27.755
275;1563729842.9829;3276.75;27.750
276;1563729842.9880;3276.70;27.780
277;1563729842.9930;3276.75;27.795
278;1563729842.9979;3276.70;27.795
279;1563729843.0029;3276.75;27.750
280;1563729843.0078;3276.70;27.785
281;1563729843.0128;3276.75;27.785
282;1563729843.0178;0.00;27.765
283;1563729843.0228;0.00;27.780
284;1563729843.0278;3276.75;27.775
285;1563729843.0328;3276.75;27.775
286;1563729843.0379;0.00;27.800
287;1563729843.0428;3276.75;27.760
288;1563729843.0479;3276.75;27.760
289;1563729843.0529;0.00;27.810
290;1563729843.0579;0.00;27.790
291;1563729843.0628;3276.75;27.765
292;1563729843.0679;3276.75;27.765
293;1563729843.0729;0.00;27.795
294;1563729843.0778;3276.75;27.800
295;1563729843.0828;3276.75;27.785
296;1563729843.0879;3276.75;27.785
297;1563729843.0928;3276.70;27.800
298;1563729843.0978;3276.75;27.820
299;1563729843.1029;3276.75;27.820
300;1563729843.1079;0.00;27.755
301;1563729843.1129;3276.75;27.775
302;1563729843.1179;3276.75;27.785
303;1563729843.1229;3276.75;27.785
304;1563729843.1279;3276.75;27.800
305;1563729843.1328;3276.70;27.805
306;1563729843.1378;3276.75;27.805
307;1563729843.1428;3276.75;27.795
308;1563729843.1478;3276.75;27.795
309;1563729843.1528;3276.75;27.815
310;1563729843.1578;3276.75;27.815
311;1563729843.1629;3276.75;27.805
312;1563729843.1678;3276.70;27.780
313;1563729843.1728;3276.75;27.780
314;1563729843.1778;3276.75;27.770
315;1563729843.1829;3276.75;27.775
316;1563729843.1880;3276.75;27.805
317;1563729843.1929;3276.75;27.805
318;1563729843.1979;3276.75;27.770
319;1563729843.2029;3276.75;27.755
320;1563729843.2080;3276.75;27.775
321;1563729843.2129;3276.75;27.775
322;1563729843.2178;3276.75;27.765
323;1563729843.2229;3276.75;27.805
324;1563729843.2278;3276.75;27.805
325;1563729843.2328;3276.75;27.795
326;1563729843.2378;3276.75;27.770
327;1563729843.2428;3276.75;27.795
328;1563729843.2478;3276.75;27.795
329;1563729843.2528;3276.75;27.785
330;1563729843.2578;0.00;27.780
331;1563729843.2628;3276.75;27.780
332;1563729843.2678;3276.75;27.790
333;1563729843.2728;0.00;27.840
334;1563729843.2778;3276.75;27.790
335;1563729843.2828;3276.75;27.790
336;1563729843.2878;3276.75;27.770
337;1563729843.2928;3276.70;27.805
338;1563729843.2978;0.00;27.785
339;1563729843.3028;3276.75;27.785
340;1563729843.3078;3276.75;27.770
341;1563729843.3130;3276.75;27.795
342;1563729843.3178;3276.75;27.795
343;1563729843.3229;3276.75;27.795
344;1563729843.3279;3276.75;27.790
345;1563729843.3328;3276.75;27.775
346;1563729843.3379;0.00;27.775
347;1563729843.3429;3276.75;27.800
348;1563729843.3480;3276.75;27.750
349;1563729843.3529;3276.75;27.750
350;1563729843.3579;3276.70;27.785
351;1563729843.3630;3276.75;27.785
352;1563729843.3679;0.00;27.800
353;1563729843.3728;3276.75;27.800
354;1563729843.3778;3276.75;27.785
355;1563729843.3828;3276.75;27.770
356;1563729843.3878;3276.70;27.785
357;1563729843.3928;3276.75;27.785
358;1563729843.3978;0.00;27.770
359;1563729843.4028;3276.70;27.775
360;1563729843.4078;3276.70;27.775
361;1563729843.4128;3276.70;27.795
362;1563729843.4178;3276.75;27.765
363;1563729843.4228;3276.75;27.775
364;1563729843.4278;3276.75;27.775
365;1563729843.4328;3276.75;27.775
366;1563729843.4378;3276.75;27.770
367;1563729843.4429;0.00;27.770
368;1563729843.4479;3276.75;27.790
369;1563729843.4529;3276.75;27.790
370;1563729843.4579;0.00;27.805
371;1563729843.4630;3276.75;27.805
372;1563729843.4679;3276.75;27.790
373;1563729843.4729;3276.75;27.760
374;1563729843.4778;3276.75;27.790
375;1563729843.4829;3276.75;27.790
376;1563729843.4878;3276.75;27.790
377;1563729843.4928;3276.70;27.785
378;1563729843.4978;3276.75;27.785
379;1563729843.5028;3276.70;27.805
380;1563729843.5078;3276.75;27.780
381;1563729843.5128;3276.75;27.775
382;1563729843.5178;3276.75;27.775
383;1563729843.5228;3276.75;27.810
384;1563729843.5278;3276.75;27.765
385;1563729843.5328;3276.75;27.765
386;1563729843.5378;3276.75;27.780
387;1563729843.5428;0.00;27.805
388;1563729843.5478;3276.75;27.790
389;1563729843.5528;3276.75;27.790
390;1563729843.5578;3276.75;27.810
391;1563729843.5629;3276.75;27.815
392;1563729843.5678;3276.75;27.810
393;1563729843.5729;3276.75;27.810
394;1563729843.5778;3276.75;27.770
395;1563729843.5829;3276.75;27.795
396;1563729843.5878;3276.70;27.795
397;1563729843.5928;3276.75;27.775
398;1563729843.5979;3276.75;27.815
399;1563729843.6029;3276.75;27.775
400;1563729843.6078;0.00;27.775
401;1563729843.6130;3276.75;27.755
402;1563729843.6179;3276.75;27.785
403;1563729843.6228;3276.75;27.785
404;1563729843.6278;0.00;27.785
405;1563729843.6328;3276.75;27.775
406;1563729843.6378;3276.75;27.755
407;1563729843.6428;3276.75;27.755
408;1563729843.6478;0.00;27.780
409;1563729843.6528;3276.75;27.765
410;1563729843.6578;3276.75;27.765
411;1563729843.6629;3276.75;27.760
412;1563729843.6679;3276.75;27.815
413;1563729843.6730;3276.70;27.775
414;1563729843.6778;3276.70;27.775
415;1563729843.6829;3276.75;27.795
416;1563729843.6880;3276.70;27.755
417;1563729843.6929;3276.70;27.775
418;1563729843.6978;3276.75;27.775
419;1563729843.7029;0.00;27.815
420;1563729843.7080;3276.70;27.810
421;1563729843.7129;3276.75;27.810
422;1563729843.7179;3276.75;27.760
423;1563729843.7230;3276.75;27.795
424;1563729843.7278;0.00;27.790
425;1563729843.7329;3276.75;27.790
426;1563729843.7378;3276.75;27.810
427;1563729843.7429;3276.75;27.775
428;1563729843.7479;3276.75;27.775
429;1563729843.7529;3276.70;27.780
430;1563729843.7578;3276.75;27.760
431;1563729843.7628;3276.75;27.760
432;1563729843.7678;3276.75;27.760
433;1563729843.7729;0.00;27.790
434;1563729843.7778;3276.75;27.785
435;1563729843.7828;3276.70;27.755
436;1563729843.7878;3276.75;27.755
437;1563729843.7928;3276.75;27.765
438;1563729843.7978;0.00;27.795
439;1563729843.8028;3276.75;27.795
440;1563729843.8079;3276.75;27.755
441;1563729843.8129;3276.75;27.785
442;1563729843.8179;3276.75;27.795
443;1563729843.8228;3276.75;27.795
444;1563729843.8278;3276.75;27.795
445;1563729843.8328;3276.75;27.770
446;1563729843.8379;3276.75;27.770
447;1563729843.8428;3276.75;27.790
448;1563729843.8478;3276.70;27.760
449;1563729843.8528;3276.75;27.795
450;1563729843.8578;3276.70;27.795
451;1563729843.8629;0.00;27.770
452;1563729843.8679;3276.75;27.750
453;1563729843.8728;3276.75;27.810
454;1563729843.8778;3276.75;27.810
455;1563729843.8828;3276.75;27.780
456;1563729843.8888;3276.75;27.745
457;1563729843.8938;3276.75;27.755
458;1563729843.8988;3276.75;27.755
459;1563729843.9039;3276.75;27.770
460;1563729843.9088;3276.75;27.790
461;1563729843.9138;3276.70;27.790
462;1563729843.9188;0.00;27.775
463;1563729843.9238;3276.75;27.815
464;1563729843.9289;3276.75;27.775
465;1563729843.9339;3276.75;27.775
466;1563729843.9389;3276.70;27.785
467;1563729843.9438;0.00;27.815
468;1563729843.9489;3276.70;27.815
469;1563729843.9539;3276.70;27.780
470;1563729843.9589;3276.75;27.795
471;1563729843.9638;3276.75;27.775
472;1563729843.9689;3276.75;27.775
473;1563729843.9739;3276.75;27.770
474;1563729843.9790;3276.75;27.805
475;1563729843.9838;0.00;27.795
476;1563729843.9890;3276.75;27.795
477;1563729843.9939;3276.75;27.785
478;1563729843.9989;3276.75;27.790
479;1563729844.0038;3276.75;27.790
480;1563729844.0089;3276.75;27.795
481;1563729844.0138;3276.75;27.795
482;1563729844.0188;3276.75;27.800
483;1563729844.0238;3276.75;27.800
484;1563729844.0288;3276.70;27.755
485;1563729844.0338;3276.75;27.790
486;1563729844.0388;3276.75;27.790
487;1563729844.0438;0.00;27.770
488;1563729844.0489;3276.75;27.790
489;1563729844.0539;3276.75;27.775
490;1563729844.0589;3276.75;27.775
491;1563729844.0638;3276.70;27.790
492;1563729844.0688;3276.75;27.790
493;1563729844.0739;3276.75;27.785
494;1563729844.0789;3276.75;27.785
495;1563729844.0839;3276.75;27.790
496;1563729844.0889;3276.70;27.770
497;1563729844.0939;3276.75;27.770
498;1563729844.0990;3276.70;27.795
499;1563729844.1038;3276.75;27.790
500;1563729844.1089;3276.70;27.790
501;1563729844.1139;3276.70;27.790
502;1563729844.1190;3276.75;27.780
503;1563729844.1241;3276.75;27.775
504;1563729844.1288;3276.70;27.775
505;1563729844.1338;3276.75;27.765
506;1563729844.1388;3276.75;27.785
507;1563729844.1438;3276.75;27.815
508;1563729844.1488;3276.75;27.815
509;1563729844.1538;3276.75;27.795
510;1563729844.1588;0.00;27.775
511;1563729844.1640;3276.75;27.795
512;1563729844.1688;3276.75;27.795
513;1563729844.1738;3276.75;27.800
514;1563729844.1789;3276.75;27.800
515;1563729844.1839;3276.75;27.800
516;1563729844.1888;0.00;27.790
517;1563729844.1939;3276.75;27.805
518;1563729844.1989;3276.75;27.770
519;1563729844.2039;3276.75;27.770
520;1563729844.2089;3276.75;27.765
521;1563729844.2139;3276.75;27.775
522;1563729844.2189;3276.75;27.775
523;1563729844.2239;3276.75;27.800
524;1563729844.2290;3276.75;27.770
525;1563729844.2339;3276.70;27.780
526;1563729844.2390;3276.75;27.780
527;1563729844.2438;3276.75;27.825
528;1563729844.2489;3276.75;27.785
529;1563729844.2538;3276.75;27.795
530;1563729844.2589;3276.70;27.795
531;1563729844.2638;3276.75;27.790
532;1563729844.2688;0.00;27.795
533;1563729844.2738;3276.75;27.795
534;1563729844.2788;3276.70;27.795
535;1563729844.2838;3276.75;27.810
536;1563729844.2889;3276.75;27.790
537;1563729844.2938;3276.75;27.790
538;1563729844.2989;3276.75;27.795
539;1563729844.3039;3276.75;27.770
540;1563729844.3088;3276.75;27.770
541;1563729844.3138;3276.75;27.795
542;1563729844.3189;3276.75;27.810
543;1563729844.3239;3276.75;27.775
544;1563729844.3289;3276.75;27.775
545;1563729844.3339;3276.75;27.765
546;1563729844.3390;3276.70;27.775
547;1563729844.3439;3276.75;27.775
548;1563729844.3490;3276.75;27.775
549;1563729844.3539;3276.75;27.790
550;1563729844.3589;3276.75;27.755
551;1563729844.3639;0.00;27.755
552;1563729844.3689;3276.75;27.815
553;1563729844.3738;3276.75;27.800
554;1563729844.3788;3276.75;27.760
555;1563729844.3838;3276.75;27.760
556;1563729844.3888;3276.75;27.780
557;1563729844.3938;3276.75;27.815
558;1563729844.3988;3276.70;27.815
559;1563729844.4038;3276.75;27.790
560;1563729844.4088;3276.70;27.765
561;1563729844.4138;3276.70;27.760
562;1563729844.4189;3276.75;27.760
563;1563729844.4237;3276.75;27.790
564;1563729844.4288;3276.75;27.785
565;1563729844.4338;3276.70;27.785
566;1563729844.4388;3276.75;27.765
567;1563729844.4438;3276.75;27.795
568;1563729844.4488;3276.70;27.775
569;1563729844.4538;3276.75;27.775
570;1563729844.4588;3276.75;27.800
571;1563729844.4638;3276.75;27.795
572;1563729844.4688;3276.75;27.800
573;1563729844.4738;3276.75;27.800
574;1563729844.4788;3276.75;27.765
575;1563729844.4838;3276.75;27.770
576;1563729844.4888;3276.75;27.770
577;1563729844.4938;3276.75;27.775
578;1563729844.4988;0.00;27.800
579;1563729844.5038;3276.75;27.780
580;1563729844.5089;3276.75;27.780
581;1563729844.5138;3276.75;27.780
582;1563729844.5188;3276.75;27.825
583;1563729844.5237;3276.75;27.825
584;1563729844.5288;3276.75;27.765
585;1563729844.5338;3276.75;27.780
586;1563729844.5388;3276.75;27.790
587;1563729844.5439;0.00;27.790
588;1563729844.5488;0.00;27.775
589;1563729844.5538;0.00;27.795
590;1563729844.5588;0.00;27.795
591;1563729844.5638;0.00;27.795
592;1563729844.5688;3276.75;27.775
593;1563729844.5738;0.00;27.795
594;1563729844.5788;0.00;27.795
595;1563729844.5838;0.00;27.725
596;1563729844.5888;3276.75;27.765
597;1563729844.5938;3276.75;27.765
598;1563729844.5988;3276.75;27.765
599;1563729844.6038;3276.75;27.815
600;1563729844.6088;3276.75;27.790
601;1563729844.6138;3276.75;27.790
602;1563729844.6188;3276.75;27.795
603;1563729844.6238;3276.75;27.795
604;1563729844.6288;3276.75;27.775
605;1563729844.6338;3276.75;27.775
606;1563729844.6388;3276.75;27.780
607;1563729844.6438;3276.75;27.790
608;1563729844.6488;3276.70;27.785
609;1563729844.6538;3276.75;27.785
610;1563729844.6588;3276.75;27.785
611;1563729844.6638;3276.75;27.770
612;1563729844.6688;3276.75;27.770
613;1563729844.6738;0.00;27.800
614;1563729844.6788;0.00;27.795
615;1563729844.6837;0.00;27.760
616;1563729844.6888;0.00;27.760
617;1563729844.6938;0.00;27.795
618;1563729844.6988;0.00;27.795
619;1563729844.7038;0.00;27.795
620;1563729844.7088;3276.75;27.775
621;1563729844.7138;0.05;27.795
622;1563729844.7188;3276.75;27.790
623;1563729844.7238;0.00;27.790
624;1563729844.7288;0.00;27.795
625;1563729844.7338;3276.75;27.800
626;1563729844.7388;3276.75;27.770
627;1563729844.7438;0.00;27.770
628;1563729844.7488;0.00;27.765
629;1563729844.7538;0.00;27.795
630;1563729844.7588;0.00;27.795
631;1563729844.7638;0.00;27.775
632;1563729844.7688;0.00;27.785
633;1563729844.7738;0.00;27.770
634;1563729844.7788;3276.75;27.770
635;1563729844.7838;0.00;27.785
636;1563729844.7888;0.00;27.780
637;1563729844.7938;0.00;27.780
638;1563729844.7988;3276.75;27.795
639;1563729844.8038;0.00;27.775
640;1563729844.8088;3276.75;27.795
641;1563729844.8138;3276.75;27.795
642;1563729844.8188;3276.75;27.795
643;1563729844.8238;3276.75;27.790
644;1563729844.8288;3276.70;27.790
645;1563729844.8338;3276.75;27.815
646;1563729844.8388;3276.75;27.765
647;1563729844.8438;3276.75;27.760
648;1563729844.8488;3276.75;27.760
649;1563729844.8538;3276.75;27.795
650;1563729844.8588;0.00;27.770
651;1563729844.8638;0.00;27.795
652;1563729844.8688;3276.75;27.795
653;1563729844.8737;3276.75;27.795
654;1563729844.8788;0.00;27.760
655;1563729844.8838;3276.75;27.760
656;1563729844.8888;0.00;27.775
657;1563729844.8938;0.00;27.785
658;1563729844.8988;0.05;27.785
659;1563729844.9038;0.00;27.785
660;1563729844.9088;0.00;27.795
661;1563729844.9137;0.00;27.785
662;1563729844.9188;0.05;27.785
663;1563729844.9238;0.00;27.785
664;1563729844.9288;0.05;27.775
665;1563729844.9338;0.10;27.790
666;1563729844.9388;0.05;27.790
667;1563729844.9439;0.10;27.805
668;1563729844.9488;0.05;27.815
669;1563729844.9538;0.05;27.755
670;1563729844.9588;0.05;27.755
671;1563729844.9638;3276.75;27.740
672;1563729844.9689;0.10;27.790
673;1563729844.9738;0.00;27.790
674;1563729844.9789;0.05;27.795
675;1563729844.9839;0.10;27.785
676;1563729844.9889;3276.75;27.785
677;1563729844.9939;0.00;27.785
678;1563729844.9988;0.00;27.805
679;1563729845.0039;3276.75;27.755
680;1563729845.0088;0.05;27.755
681;1563729845.0138;3276.75;27.775
682;1563729845.0188;0.10;27.795
683;1563729845.0238;0.00;27.760
684;1563729845.0288;0.05;27.760
685;1563729845.0338;0.10;27.780
686;1563729845.0390;0.15;27.785
687;1563729845.0438;0.10;27.755
688;1563729845.0488;0.05;27.755
689;1563729845.0539;0.00;27.790
690;1563729845.0588;0.00;27.745
691;1563729845.0638;0.05;27.745
692;1563729845.0688;0.05;27.830
693;1563729845.0738;0.15;27.785
694;1563729845.0788;0.00;27.780
695;1563729845.0838;0.00;27.780
696;1563729845.0888;0.05;27.775
697;1563729845.0939;0.15;27.790
698;1563729845.0988;0.00;27.790
699;1563729845.1039;0.05;27.745
700;1563729845.1088;0.00;27.775
701;1563729845.1138;0.05;27.800
702;1563729845.1188;0.05;27.800
703;1563729845.1238;0.00;27.795
704;1563729845.1289;0.10;27.775
705;1563729845.1338;0.00;27.785
706;1563729845.1388;3276.65;27.785
707;1563729845.1438;0.35;27.765
708;1563729845.1488;3276.75;27.795
709;1563729845.1539;0.10;27.795
710;1563729845.1588;0.10;27.785
711;1563729845.1638;0.15;27.805
712;1563729845.1688;0.05;27.775
713;1563729845.1738;3276.70;27.775
714;1563729845.1788;0.00;27.780
715;1563729845.1839;3276.65;27.760
716;1563729845.1889;0.05;27.760
717;1563729845.1939;3276.70;27.770
718;1563729845.1988;3276.75;27.770
719;1563729845.2040;3276.70;27.760
720;1563729845.2089;0.00;27.760
721;1563729845.2139;3276.60;27.775
722;1563729845.2189;3276.75;27.755
723;1563729845.2238;3276.70;27.795
724;1563729845.2289;0.00;27.795
725;1563729845.2339;0.05;27.795
726;1563729845.2390;3276.75;27.780
727;1563729845.2439;3276.70;27.780
728;1563729845.2489;3276.40;27.805
729;1563729845.2539;3276.55;27.785
730;1563729845.2589;3276.35;27.760
731;1563729845.2639;3276.40;27.760
732;1563729845.2688;3276.60;27.780
733;1563729845.2738;0.25;27.825
734;1563729845.2788;0.75;27.825
735;1563729845.2838;0.85;27.785
736;1563729845.2888;0.75;27.775
737;1563729845.2938;0.35;27.765
738;1563729845.2988;3276.60;27.765
739;1563729845.3038;3276.70;27.795
740;1563729845.3089;3276.30;27.770
741;1563729845.3138;3276.65;27.770
742;1563729845.3189;3276.70;27.765
743;1563729845.3238;0.30;27.775
744;1563729845.3288;3276.70;27.775
745;1563729845.3338;0.10;27.775
746;1563729845.3389;3276.70;27.790
747;1563729845.3438;3276.75;27.775
748;1563729845.3488;0.05;27.795
749;1563729845.3539;3276.65;27.795
750;1563729845.3589;3276.65;27.765
751;1563729845.3639;3276.60;27.745
752;1563729845.3688;3276.75;27.745
753;1563729845.3739;3276.65;27.775
754;1563729845.3788;3276.70;27.790
755;1563729845.3838;0.25;27.755
756;1563729845.3888;0.00;27.755
757;1563729845.3938;0.00;27.770
758;1563729845.3988;3276.75;27.780
759;1563729845.4038;0.05;27.780
760;1563729845.4088;0.20;27.750
761;1563729845.4138;3276.65;27.795
762;1563729845.4188;0.00;27.795
763;1563729845.4238;3276.65;27.795
764;1563729845.4289;3276.65;27.795
765;1563729845.4338;3276.70;27.780
766;1563729845.4388;0.00;27.775
767;1563729845.4439;3276.60;27.775
768;1563729845.4488;3276.70;27.790
769;1563729845.4538;3276.65;27.780
770;1563729845.4589;0.00;27.780
771;1563729845.4640;0.00;27.800
772;1563729845.4689;3276.75;27.765
773;1563729845.4739;3276.75;27.790
774;1563729845.4788;3276.70;27.790
775;1563729845.4838;3276.75;27.800
776;1563729845.4889;3276.75;27.770
777;1563729845.4939;3276.60;27.770
778;1563729845.4989;3276.70;27.780
779;1563729845.5038;3276.70;27.795
780;1563729845.5088;3276.75;27.755
781;1563729845.5138;0.25;27.755
782;1563729845.5188;0.10;27.785
783;1563729845.5238;3276.75;27.775
784;1563729845.5288;3276.70;27.790
785;1563729845.5338;0.30;27.790
786;1563729845.5388;0.20;27.760
787;1563729845.5439;0.00;27.765
788;1563729845.5489;3276.50;27.765
789;1563729845.5539;0.00;27.805
790;1563729845.5589;3276.60;27.790
791;1563729845.5639;0.30;27.755
792;1563729845.5689;3276.55;27.755
793;1563729845.5739;3276.65;27.785
794;1563729845.5790;3276.70;27.785
795;1563729845.5839;3276.65;27.785
796;1563729845.5888;3276.60;27.770
797;1563729845.5939;0.05;27.755
798;1563729845.5989;0.20;27.775
799;1563729845.6038;0.30;27.775
800;1563729845.6089;0.60;27.785
801;1563729845.6139;0.80;27.805
802;1563729845.6189;1.20;27.760
803;1563729845.6240;2.55;27.760
804;1563729845.6289;3.30;27.765
805;1563729845.6338;3.95;27.795
806;1563729845.6388;4.55;27.795
807;1563729845.6438;5.75;27.760
808;1563729845.6488;6.70;27.785
809;1563729845.6538;6.90;27.760
810;1563729845.6589;9.00;27.760
811;1563729845.6639;7.40;27.795
812;1563729845.6689;6.25;27.780
813;1563729845.6739;5.50;27.780
814;1563729845.6789;3.40;27.795
815;1563729845.6840;3275.75;27.770
816;1563729845.6889;1.45;27.760
817;1563729845.6939;4.75;27.760
818;1563729845.6989;1.05;27.765
819;1563729845.7040;2.35;27.800
820;1563729845.7089;2.75;27.800
821;1563729845.7140;2.55;27.795
822;1563729845.7190;1.40;27.790
823;1563729845.7238;3274.75;27.795
824;1563729845.7290;3274.15;27.795
825;1563729845.7339;0.45;27.790
826;1563729845.7389;3275.65;27.815
827;1563729845.7439;3275.30;27.770
828;1563729845.7488;3275.50;27.770
829;1563729845.7538;3276.05;27.790
830;1563729845.7588;0.30;27.775
831;1563729845.7638;0.20;27.775
832;1563729845.7688;0.00;27.750
833;1563729845.7738;0.00;27.760
834;1563729845.7788;0.20;27.825
835;1563729845.7838;3276.35;27.825
836;1563729845.7888;3276.35;27.765
837;1563729845.7938;3276.65;27.770
838;1563729845.7988;3276.00;27.770
839;1563729845.8039;0.05;27.795
840;1563729845.8088;0.65;27.775
841;1563729845.8139;1.05;27.795
842;1563729845.8189;0.65;27.795
843;1563729845.8239;1.30;27.775
844;1563729845.8290;1.05;27.795
845;1563729845.8339;0.85;27.800
846;1563729845.8389;0.40;27.800
847;1563729845.8440;0.55;27.775
848;1563729845.8489;0.20;27.805
849;1563729845.8539;0.15;27.805
850;1563729845.8588;0.10;27.780
851;1563729845.8639;0.25;27.800
852;1563729845.8690;0.00;27.790
853;1563729845.8738;3276.65;27.790
854;1563729845.8788;0.05;27.780
855;1563729845.8838;0.40;27.785
856;1563729845.8888;1.80;27.785
857;1563729845.8939;2.50;27.765
858;1563729845.8988;2.40;27.785
859;1563729845.9038;3.45;27.775
860;1563729845.9088;3.15;27.775
861;1563729845.9138;2.75;27.775
862;1563729845.9189;2.65;27.790
863;1563729845.9238;1.25;27.785
864;1563729845.9289;0.90;27.785
865;1563729845.9338;0.25;27.775
866;1563729845.9389;3276.30;27.815
867;1563729845.9438;3276.75;27.815
868;1563729845.9489;3276.75;27.795
869;1563729845.9539;0.30;27.800
870;1563729845.9589;0.55;27.805
871;1563729845.9639;0.95;27.805
872;1563729845.9688;0.70;27.785
873;1563729845.9738;0.60;27.795
874;1563729845.9789;0.85;27.795
875;1563729845.9839;1.60;27.800
876;1563729845.9890;2.90;27.795
877;1563729845.9939;2.60;27.785
878;1563729845.9989;2.60;27.785
879;1563729846.0039;2.05;27.780
880;1563729846.0088;1.40;27.780
881;1563729846.0138;1.90;27.790
882;1563729846.0188;0.75;27.790
883;1563729846.0238;1.40;27.775
884;1563729846.0288;1.15;27.790
885;1563729846.0338;1.65;27.790
886;1563729846.0389;0.50;27.830
887;1563729846.0438;0.70;27.775
888;1563729846.0488;3276.60;27.775
889;1563729846.0538;3276.35;27.775
890;1563729846.0589;3276.70;27.755
891;1563729846.0638;0.70;27.785
892;1563729846.0689;0.10;27.785
893;1563729846.0739;3276.70;27.755
894;1563729846.0790;3275.75;27.790
895;1563729846.0839;3275.35;27.815
896;1563729846.0889;3275.35;27.815
897;1563729846.0939;3275.90;27.755
898;1563729846.0989;3276.15;27.755
899;1563729846.1040;3276.25;27.775
900;1563729846.1089;3276.10;27.775
901;1563729846.1139;3276.30;27.810
902;1563729846.1189;3276.25;27.795
903;1563729846.1238;3276.25;27.795
904;1563729846.1290;3276.45;27.785
905;1563729846.1338;3276.05;27.815
906;1563729846.1388;3276.00;27.760
907;1563729846.1438;3276.50;27.760
908;1563729846.1488;3276.60;27.765
909;1563729846.1538;3276.75;27.790
910;1563729846.1588;3276.60;27.790
911;1563729846.1638;3276.75;27.800
912;1563729846.1690;3276.15;27.785
913;1563729846.1738;3276.50;27.760
914;1563729846.1788;3276.55;27.760
915;1563729846.1838;3276.50;27.755
916;1563729846.1889;3276.60;27.780
917;1563729846.1939;3276.60;27.780
918;1563729846.1989;0.05;27.795
919;1563729846.2040;0.20;27.775
920;1563729846.2089;0.00;27.775
921;1563729846.2139;0.00;27.775
922;1563729846.2188;0.20;27.780
923;1563729846.2238;0.30;27.790
924;1563729846.2289;3276.60;27.795
925;1563729846.2338;0.30;27.795
926;1563729846.2388;0.40;27.770
927;1563729846.2439;0.15;27.805
928;1563729846.2488;0.00;27.805
929;1563729846.2538;0.75;27.795
930;1563729846.2588;0.30;27.785
931;1563729846.2638;0.05;27.765
932;1563729846.2688;0.05;27.765
933;1563729846.2738;3276.70;27.775
934;1563729846.2791;0.10;27.760
935;1563729846.2838;3276.75;27.760
936;1563729846.2888;3276.70;27.785
937;1563729846.2938;0.25;27.770
938;1563729846.2988;0.85;27.755
939;1563729846.3038;0.15;27.755
940;1563729846.3089;0.10;27.750
941;1563729846.3139;3276.75;27.785
942;1563729846.3189;3276.75;27.765
943;1563729846.3239;0.20;27.765
944;1563729846.3289;0.20;27.775
945;1563729846.3339;0.00;27.760
946;1563729846.3388;0.55;27.760
947;1563729846.3439;0.45;27.785
948;1563729846.3489;0.70;27.775
949;1563729846.3538;0.60;27.755
950;1563729846.3589;1.45;27.755
951;1563729846.3639;1.85;27.775
952;1563729846.3689;1.75;27.790
953;1563729846.3738;2.15;27.790
954;1563729846.3788;2.40;27.770
955;1563729846.3838;2.25;27.780
956;1563729846.3888;2.75;27.810
957;1563729846.3938;2.95;27.810
958;1563729846.3989;2.70;27.760
959;1563729846.4038;4.00;27.765
960;1563729846.4088;4.15;27.785
961;1563729846.4138;1.95;27.785
962;1563729846.4188;3.85;27.775
963;1563729846.4238;3.35;27.805
964;1563729846.4289;4.85;27.805
965;1563729846.4339;5.15;27.775
966;1563729846.4388;3.50;27.750
967;1563729846.4439;3.30;27.785
968;1563729846.4488;3.60;27.785
969;1563729846.4539;7.70;27.805
970;1563729846.4589;2.90;27.780
971;1563729846.4639;5.60;27.780
972;1563729846.4689;1.75;27.795
973;1563729846.4739;7.35;27.765
974;1563729846.4790;5.60;27.755
975;1563729846.4839;4.45;27.755
976;1563729846.4890;6.30;27.780
977;1563729846.4939;11.00;27.815
978;1563729846.4989;7.70;27.790
979;1563729846.5039;3276.55;27.790
980;1563729846.5088;6.60;27.800
981;1563729846.5138;7.10;27.775
982;1563729846.5189;12.45;27.775
983;1563729846.5238;9.55;27.800
984;1563729846.5289;8.25;27.800
985;1563729846.5338;14.05;27.770
986;1563729846.5388;13.20;27.770
987;1563729846.5439;11.60;27.790
988;1563729846.5488;12.05;27.785
989;1563729846.5539;12.10;27.785
990;1563729846.5589;15.80;27.795
991;1563729846.5639;10.35;27.775
992;1563729846.5690;7.65;27.795
993;1563729846.5739;10.20;27.795
994;1563729846.5790;13.15;27.795
995;1563729846.5839;23.35;27.745
996;1563729846.5888;12.15;27.745
997;1563729846.5939;13.15;27.775
998;1563729846.5988;11.20;27.795
999;1563729846.6039;21.85;27.820
1000;1563729846.6089;13.75;27.820
1001;1563729846.6139;18.70;27.775
1002;1563729846.6189;17.55;27.755
1003;1563729846.6238;19.95;27.795
1004;1563729846.6288;15.05;27.795
1005;1563729846.6339;12.55;27.815
1006;1563729846.6389;10.40;27.775
1007;1563729846.6438;18.45;27.775
1008;1563729846.6488;19.00;27.750
1009;1563729846.6538;16.85;27.795
1010;1563729846.6589;23.85;27.745
1011;1563729846.6639;21.40;27.745
1012;1563729846.6689;24.45;27.785
1013;1563729846.6739;16.65;27.810
1014;1563729846.6790;10.45;27.810
1015;1563729846.6839;13.00;27.775
1016;1563729846.6889;14.90;27.795
1017;1563729846.6939;25.55;27.760
1018;1563729846.6989;16.70;27.760
1019;1563729846.7039;18.35;27.800
1020;1563729846.7090;21.25;27.795
1021;1563729846.7139;21.15;27.755
1022;1563729846.7189;15.10;27.755
1023;1563729846.7239;18.55;27.770
1024;1563729846.7289;16.40;27.775
1025;1563729846.7339;13.60;27.775
1026;1563729846.7389;24.80;27.765
1027;1563729846.7438;22.15;27.755
1028;1563729846.7488;20.80;27.800
1029;1563729846.7539;18.60;27.800
1030;1563729846.7588;15.60;27.795
1031;1563729846.7638;27.30;27.785
1032;1563729846.7688;15.85;27.785
1033;1563729846.7738;15.05;27.790
1034;1563729846.7788;16.50;27.800
1035;1563729846.7838;19.90;27.775
1036;1563729846.7889;22.55;27.775
1037;1563729846.7939;10.90;27.810
1038;1563729846.7988;25.80;27.780
1039;1563729846.8039;19.05;27.785
1040;1563729846.8088;26.00;27.785
1041;1563729846.8138;27.70;27.810
1042;1563729846.8189;15.15;27.795
1043;1563729846.8238;29.25;27.795
1044;1563729846.8288;22.85;27.795
1045;1563729846.8338;23.35;27.780
1046;1563729846.8389;17.80;27.760
1047;1563729846.8439;15.45;27.760
1048;1563729846.8488;13.90;27.795
1049;1563729846.8539;10.40;27.775
1050;1563729846.8589;17.25;27.775
1051;1563729846.8639;9.65;27.800
1052;1563729846.8690;19.65;27.795
1053;1563729846.8739;14.15;27.780
1054;1563729846.8789;8.75;27.780
1055;1563729846.8838;13.50;27.790
1056;1563729846.8888;22.80;27.785
1057;1563729846.8939;25.25;27.785
1058;1563729846.8988;26.40;27.785
1059;1563729846.9038;24.30;27.795
1060;1563729846.9088;19.50;27.770
1061;1563729846.9138;19.95;27.770
1062;1563729846.9189;19.30;27.805
1063;1563729846.9239;22.00;27.785
1064;1563729846.9289;39.15;27.765
1065;1563729846.9339;31.65;27.765
1066;1563729846.9389;22.25;27.805
1067;1563729846.9438;14.80;27.785
1068;1563729846.9489;14.60;27.785
1069;1563729846.9539;8.80;27.820
1070;1563729846.9589;10.00;27.790
1071;1563729846.9640;13.70;27.780
1072;1563729846.9689;14.15;27.780
1073;1563729846.9739;13.70;27.815
1074;1563729846.9789;18.45;27.795
1075;1563729846.9838;11.45;27.760
1076;1563729846.9889;3.45;27.760
1077;1563729846.9939;10.40;27.780
1078;1563729846.9988;15.05;27.795
1079;1563729847.0038;12.80;27.795
1080;1563729847.0089;6.85;27.790
1081;1563729847.0138;7.30;27.800
1082;1563729847.0188;15.80;27.780
1083;1563729847.0238;16.15;27.780
1084;1563729847.0288;11.05;27.785
1085;1563729847.0338;6.90;27.790
1086;1563729847.0388;13.20;27.790
1087;1563729847.0439;3275.05;27.775
1088;1563729847.0488;6.60;27.780
1089;1563729847.0539;4.10;27.800
1090;1563729847.0589;3.25;27.800
1091;1563729847.0640;3266.35;27.785
1092;1563729847.0688;3262.15;27.785
1093;1563729847.0739;3273.90;27.785
1094;1563729847.0789;3266.45;27.790
1095;1563729847.0838;18.70;27.805
1096;1563729847.0888;3271.80;27.795
1097;1563729847.0938;2.75;27.795
1098;1563729847.0988;3272.80;27.755
1099;1563729847.1038;3254.15;27.800
1100;1563729847.1088;3267.40;27.785
1101;1563729847.1138;3247.50;27.785
1102;1563729847.1188;3.65;27.775
1103;1563729847.1239;6.80;27.795
1104;1563729847.1288;3274.20;27.795
1105;1563729847.1338;3264.10;27.775
1106;1563729847.1388;3274.55;27.775
1107;1563729847.1438;14.85;27.810
1108;1563729847.1488;3263.30;27.810
1109;1563729847.1538;3263.10;27.775
1110;1563729847.1588;3275.40;27.775
1111;1563729847.1637;3271.85;27.775
1112;1563729847.1689;3270.40;27.785
1113;1563729847.1739;3255.90;27.790
1114;1563729847.1789;3264.65;27.785
1115;1563729847.1839;3276.70;27.785
1116;1563729847.1888;3265.85;27.785
1117;1563729847.1938;6.25;27.780
1118;1563729847.1989;3274.00;27.790
1119;1563729847.2038;3266.40;27.790
1120;1563729847.2088;3259.90;27.785
1121;1563729847.2139;3245.25;27.780
1122;1563729847.2190;3271.55;27.780
1123;1563729847.2239;3257.95;27.795
1124;1563729847.2290;3255.75;27.790
1125;1563729847.2339;3268.60;27.745
1126;1563729847.2389;3259.65;27.745
1127;1563729847.2439;3261.15;27.795
1128;1563729847.2489;3258.80;27.775
1129;1563729847.2538;3255.45;27.775
1130;1563729847.2588;2.40;27.755
1131;1563729847.2638;3265.05;27.795
1132;1563729847.2688;3263.50;27.790
1133;1563729847.2738;3247.50;27.790
1134;1563729847.2789;3265.10;27.785
1135;1563729847.2838;3249.75;27.765
1136;1563729847.2889;3257.55;27.770
1137;1563729847.2939;3256.20;27.770
1138;1563729847.2988;3240.65;27.805
1139;1563729847.3038;3256.85;27.755
1140;1563729847.3089;3254.25;27.755
1141;1563729847.3139;3250.55;27.795
1142;1563729847.3189;3260.10;27.765
1143;1563729847.3238;3254.30;27.795
1144;1563729847.3289;3258.15;27.795
1145;1563729847.3338;3269.90;27.795
1146;1563729847.3389;27.10;27.775
1147;1563729847.3438;9.55;27.775
1148;1563729847.3488;11.55;27.800
1149;1563729847.3538;3269.90;27.795
1150;1563729847.3589;3243.80;27.795
1151;1563729847.3639;3260.50;27.795
1152;1563729847.3689;3262.80;27.775
1153;1563729847.3739;3271.30;27.760
1154;1563729847.3789;3269.00;27.795
1155;1563729847.3839;3273.65;27.795
1156;1563729847.3889;3261.65;27.770
1157;1563729847.3939;3242.10;27.780
1158;1563729847.3988;3242.50;27.780
1159;1563729847.4038;3224.95;27.785
1160;1563729847.4088;3229.30;27.775
1161;1563729847.4138;3256.50;27.780
1162;1563729847.4188;3242.10;27.780
1163;1563729847.4238;3222.10;27.760
1164;1563729847.4288;3273.40;27.815
1165;1563729847.4338;3248.70;27.815
1166;1563729847.4388;3257.25;27.770
1167;1563729847.4438;0.35;27.800
1168;1563729847.4488;3245.50;27.775
1169;1563729847.4538;3248.35;27.775
1170;1563729847.4589;3242.20;27.775
1171;1563729847.4638;3241.65;27.770
1172;1563729847.4689;3232.35;27.760
1173;1563729847.4739;3227.45;27.760
1174;1563729847.4788;3218.30;27.780
1175;1563729847.4839;3225.80;27.795
1176;1563729847.4889;3221.85;27.795
1177;1563729847.4938;3234.75;27.800
1178;1563729847.4988;3227.15;27.810
1179;1563729847.5039;3213.05;27.770
1180;1563729847.5088;3223.70;27.770
1181;1563729847.5138;3227.65;27.780
1182;1563729847.5189;3234.95;27.795
1183;1563729847.5238;3247.10;27.795
1184;1563729847.5289;3244.30;27.780
1185;1563729847.5338;3234.55;27.815
1186;1563729847.5388;3246.00;27.735
1187;1563729847.5438;3249.05;27.735
1188;1563729847.5488;3260.65;27.815
1189;1563729847.5539;3254.25;27.790
1190;1563729847.5588;3254.30;27.790
1191;1563729847.5639;3269.20;27.780
1192;1563729847.5689;3243.20;27.775
1193;1563729847.5739;3254.95;27.780
1194;1563729847.5790;3274.10;27.780
1195;1563729847.5839;3266.45;27.790
1196;1563729847.5889;3270.05;27.775
1197;1563729847.5939;3256.15;27.810
1198;1563729847.5989;3254.60;27.810
1199;1563729847.6039;3258.40;27.770
1200;1563729847.6090;3271.50;27.765
1201;1563729847.6139;3264.40;27.765
1202;1563729847.6190;3262.55;27.770
1203;1563729847.6239;3244.05;27.785
1204;1563729847.6289;3247.25;27.805
1205;1563729847.6339;3269.10;27.805
1206;1563729847.6389;3275.25;27.790
1207;1563729847.6438;3272.40;27.815
1208;1563729847.6488;3257.60;27.815
1209;1563729847.6539;3264.90;27.785
1210;1563729847.6589;3264.35;27.770
1211;1563729847.6638;3270.70;27.805
1212;1563729847.6688;3270.10;27.805
1213;1563729847.6738;3271.15;27.755
1214;1563729847.6789;1.35;27.775
1215;1563729847.6838;3271.60;27.790
1216;1563729847.6888;10.35;27.790
1217;1563729847.6939;3276.35;27.770
1218;1563729847.6989;3261.75;27.770
1219;1563729847.7040;6.75;27.770
1220;1563729847.7089;3276.45;27.780
1221;1563729847.7139;13.35;27.750
1222;1563729847.7188;2.60;27.795
1223;1563729847.7240;0.35;27.795
1224;1563729847.7289;4.80;27.760
1225;1563729847.7339;0.85;27.805
1226;1563729847.7389;3270.35;27.805
1227;1563729847.7439;3256.25;27.790
1228;1563729847.7489;3261.45;27.785
1229;1563729847.7539;3254.25;27.800
1230;1563729847.7588;3250.25;27.800
1231;1563729847.7638;3248.60;27.760
1232;1563729847.7688;3247.95;27.755
1233;1563729847.7739;3255.00;27.785
1234;1563729847.7788;3254.80;27.785
1235;1563729847.7838;3256.30;27.800
1236;1563729847.7888;3259.90;27.775
1237;1563729847.7939;3258.50;27.775
1238;1563729847.7989;3257.55;27.795
1239;1563729847.8038;3255.90;27.775
1240;1563729847.8088;3250.35;27.775
1241;1563729847.8139;3253.55;27.775
1242;1563729847.8189;3251.75;27.775
1243;1563729847.8239;3253.10;27.800
1244;1563729847.8289;3253.25;27.800
1245;1563729847.8339;3253.30;27.775
1246;1563729847.8388;3254.40;27.785
1247;1563729847.8439;3255.95;27.765
1248;1563729847.8489;3257.10;27.765
1249;1563729847.8538;3258.10;27.785
1250;1563729847.8589;3257.70;27.795
1251;1563729847.8640;3260.85;27.775
1252;1563729847.8689;3262.95;27.775
1253;1563729847.8739;3263.25;27.785
1254;1563729847.8788;3264.55;27.790
1255;1563729847.8838;3266.35;27.790
1256;1563729847.8888;3267.25;27.795
1257;1563729847.8938;3267.55;27.815
1258;1563729847.8988;3268.60;27.795
1259;1563729847.9038;3269.70;27.795
1260;1563729847.9088;3270.40;27.775
1261;1563729847.9138;3271.55;27.795
1262;1563729847.9188;3271.90;27.795
1263;1563729847.9238;3272.30;27.800
1264;1563729847.9288;3272.60;27.800
1265;1563729847.9338;3273.30;27.755
1266;1563729847.9388;3273.50;27.755
1267;1563729847.9438;3273.60;27.770
1268;1563729847.9488;3273.95;27.790
1269;1563729847.9538;3274.30;27.740
1270;1563729847.9588;3274.60;27.740
1271;1563729847.9638;3274.95;27.780
1272;1563729847.9688;3275.25;27.800
1273;1563729847.9738;3275.40;27.800
1274;1563729847.9788;3275.60;27.805
1275;1563729847.9838;3275.85;27.795
1276;1563729847.9888;3275.85;27.750
1277;1563729847.9938;3275.85;27.750
1278;1563729847.9988;3276.05;27.775
1279;1563729848.0038;3276.15;27.780
1280;1563729848.0088;3276.20;27.780
1281;1563729848.0138;3276.00;27.780
1282;1563729848.0188;3276.15;27.775
1283;1563729848.0238;3276.15;27.800
1284;1563729848.0289;3276.30;27.800
1285;1563729848.0338;3276.40;27.805
1286;1563729848.0388;3276.55;27.765
1287;1563729848.0438;3276.50;27.765
1288;1563729848.0488;3276.65;27.785
1289;1563729848.0538;3276.65;27.765
1290;1563729848.0588;3276.75;27.825
1291;1563729848.0638;3276.75;27.825
1292;1563729848.0688;0.00;27.745
1293;1563729848.0738;0.05;27.800
1294;1563729848.0788;0.10;27.785
1295;1563729848.0838;0.05;27.785
1296;1563729848.0888;0.00;27.770
1297;1563729848.0938;3276.75;27.770
1298;1563729848.0988;3276.75;27.770
1299;1563729848.1038;3276.75;27.745
1300;1563729848.1088;0.00;27.745
1301;1563729848.1138;0.00;27.795
1302;1563729848.1188;0.05;27.795
1303;1563729848.1238;0.10;27.770
1304;1563729848.1288;0.00;27.785
1305;1563729848.1338;0.00;27.785
1306;1563729848.1388;3276.75;27.775
1307;1563729848.1437;3276.70;27.800
1308;1563729848.1488;3276.65;27.750
1309;1563729848.1538;3276.75;27.750
1310;1563729848.1588;3276.75;27.775
1311;1563729848.1638;3276.70;27.755
1312;1563729848.1688;3276.75;27.770
1313;1563729848.1738;3276.75;27.770
1314;1563729848.1788;3276.70;27.800
1315;1563729848.1838;3276.70;27.775
1316;1563729848.1888;3276.75;27.775
1317;1563729848.1938;3276.70;27.780
1318;1563729848.1988;3276.70;27.775
1319;1563729848.2039;3276.70;27.785
1320;1563729848.2088;3276.75;27.785
1321;1563729848.2138;3276.70;27.775
1322;1563729848.2188;3276.75;27.775
1323;1563729848.2238;3276.70;27.775
1324;1563729848.2288;3276.70;27.795
1325;1563729848.2338;3276.75;27.800
1326;1563729848.2388;3276.70;27.775
1327;1563729848.2438;3276.65;27.775
1328;1563729848.2488;3276.65;27.755
1329;1563729848.2538;3276.70;27.790
1330;1563729848.2588;3276.65;27.795
1331;1563729848.2638;3276.65;27.795
1332;1563729848.2688;3276.65;27.750
1333;1563729848.2738;3276.65;27.760
1334;1563729848.2788;3276.65;27.760
1335;1563729848.2838;3276.60;27.775
1336;1563729848.2888;3276.65;27.795
1337;1563729848.2938;3276.60;27.770
1338;1563729848.2988;3276.60;27.770
1339;1563729848.3038;3276.60;27.775
1340;1563729848.3088;3276.65;27.780
1341;1563729848.3138;3276.55;27.780
1342;1563729848.3189;3276.55;27.810
1343;1563729848.3238;3276.65;27.775
1344;1563729848.3288;3276.60;27.815
1345;1563729848.3338;3276.60;27.815
1346;1563729848.3388;3276.60;27.795
1347;1563729848.3438;3276.60;27.750
1348;1563729848.3488;3276.60;27.765
1349;1563729848.3538;3276.70;27.765
1350;1563729848.3588;0.20;27.775
1351;1563729848.3638;0.35;27.795
1352;1563729848.3688;0.35;27.795
1353;1563729848.3738;0.30;27.760
1354;1563729848.3788;1.30;27.775
1355;1563729848.3838;2.25;27.795
1356;1563729848.3888;3.20;27.795
1357;1563729848.3938;5.15;27.790
1358;1563729848.3988;6.20;27.775
1359;1563729848.4038;8.45;27.775
1360;1563729848.4088;10.85;27.820
1361;1563729848.4138;13.65;27.790
1362;1563729848.4188;16.45;27.800
1363;1563729848.4238;14.35;27.800
1364;1563729848.4288;9.65;27.785
1365;1563729848.4338;6.50;27.775
1366;1563729848.4388;3275.85;27.785
1367;1563729848.4438;3273.35;27.785
1368;1563729848.4488;3267.65;27.800
1369;1563729848.4538;3247.15;27.795
1370;1563729848.4588;3256.60;27.795
1371;1563729848.4638;3244.15;27.840
1372;1563729848.4688;3233.30;27.795
1373;1563729848.4738;3234.15;27.785
1374;1563729848.4788;3228.95;27.785
1375;1563729848.4838;3220.20;27.810
1376;1563729848.4888;3223.00;27.775
1377;1563729848.4938;3222.50;27.775
1378;1563729848.4988;3224.55;27.775
1379;1563729848.5038;3224.35;27.770
1380;1563729848.5088;3220.70;27.765
1381;1563729848.5138;3213.75;27.765
1382;1563729848.5188;3214.85;27.795
1383;1563729848.5238;3208.30;27.810
1384;1563729848.5288;3198.20;27.810
1385;1563729848.5338;3203.75;27.790
1386;1563729848.5388;3193.55;27.745
1387;1563729848.5438;3176.05;27.755
1388;1563729848.5488;3170.20;27.755
1389;1563729848.5538;3172.65;27.805
1390;1563729848.5588;3154.95;27.790
1391;1563729848.5638;3143.00;27.765
1392;1563729848.5688;3144.50;27.765
1393;1563729848.5738;3156.80;27.770
1394;1563729848.5788;3130.25;27.775
1395;1563729848.5838;3159.15;27.775
1396;1563729848.5888;3139.30;27.795
1397;1563729848.5938;3153.75;27.790
1398;1563729848.5988;3124.45;27.790
1399;1563729848.6038;3122.05;27.790
1400;1563729848.6088;3137.10;27.795
1401;1563729848.6138;3151.00;27.775
1402;1563729848.6188;3112.95;27.775
1403;1563729848.6238;3112.65;27.765
1404;1563729848.6288;3122.55;27.775
1405;1563729848.6338;3088.00;27.810
1406;1563729848.6388;3093.00;27.810
1407;1563729848.6438;3080.10;27.795
1408;1563729848.6488;3080.90;27.800
1409;1563729848.6538;3091.20;27.815
1410;1563729848.6588;3092.35;27.815
1411;1563729848.6638;3062.35;27.775
1412;1563729848.6688;3091.10;27.775
1413;1563729848.6738;3074.65;27.775
1414;1563729848.6788;3084.45;27.810
1415;1563729848.6838;3096.80;27.795
1416;1563729848.6888;3112.90;27.790
1417;1563729848.6938;3098.15;27.790
1418;1563729848.6988;3133.05;27.775
1419;1563729848.7038;3087.85;27.760
1420;1563729848.7088;3073.70;27.760
1421;1563729848.7138;3095.75;27.765
1422;1563729848.7188;3076.20;27.770
1423;1563729848.7238;3076.70;27.795
1424;1563729848.7287;3087.80;27.795
1425;1563729848.7338;3092.15;27.770
1426;1563729848.7388;3083.55;27.765
1427;1563729848.7438;3107.75;27.785
1428;1563729848.7488;3081.65;27.785
1429;1563729848.7538;3118.60;27.815
1430;1563729848.7588;3069.30;27.785
1431;1563729848.7658;3115.80;27.785
1432;1563729848.7708;3110.45;27.795
1433;1563729848.7758;3129.55;27.775
1434;1563729848.7807;3112.40;27.775
1435;1563729848.7858;3115.05;27.750
1436;1563729848.7910;3097.05;27.750
1437;1563729848.7958;3102.20;27.755
1438;1563729848.8008;3092.85;27.815
1439;1563729848.8058;3086.80;27.815
1440;1563729848.8108;3068.60;27.790
1441;1563729848.8158;3070.85;27.755
1442;1563729848.8208;3073.85;27.805
1443;1563729848.8258;3084.70;27.805
1444;1563729848.8308;3074.55;27.780
1445;1563729848.8357;3082.80;27.775
1446;1563729848.8408;3079.30;27.750
1447;1563729848.8458;3087.20;27.750
1448;1563729848.8508;3079.35;27.750
1449;1563729848.8558;3088.95;27.810
1450;1563729848.8608;3091.00;27.810
1451;1563729848.8658;3123.30;27.760
1452;1563729848.8708;3093.60;27.805
1453;1563729848.8758;3111.50;27.815
1454;1563729848.8807;3127.35;27.815
1455;1563729848.8858;3108.40;27.800
1456;1563729848.8908;3089.45;27.795
1457;1563729848.8958;3123.00;27.795
1458;1563729848.9008;3083.65;27.785
1459;1563729848.9058;3096.95;27.810
1460;1563729848.9108;3109.35;27.795
1461;1563729848.9158;3108.35;27.795
1462;1563729848.9208;3106.65;27.775
1463;1563729848.9258;3111.40;27.755
1464;1563729848.9308;3141.60;27.765
1465;1563729848.9358;3108.95;27.765
1466;1563729848.9408;3090.00;27.795
1467;1563729848.9458;3086.65;27.755
1468;1563729848.9508;3072.95;27.755
1469;1563729848.9558;3046.70;27.790
1470;1563729848.9608;3041.85;27.795
1471;1563729848.9658;3013.00;27.765
1472;1563729848.9708;3005.45;27.765
1473;1563729848.9758;3016.45;27.775
1474;1563729848.9808;3042.45;27.775
1475;1563729848.9858;3022.10;27.775
1476;1563729848.9908;3043.10;27.775
1477;1563729848.9958;3067.85;27.765
1478;1563729849.0008;3058.90;27.755
1479;1563729849.0057;3078.05;27.755
1480;1563729849.0108;3123.60;27.790
1481;1563729849.0157;3131.30;27.780
1482;1563729849.0208;3202.00;27.780
1483;1563729849.0258;0.50;27.760
1484;1563729849.0308;54.20;27.820
1485;1563729849.0358;66.75;27.795
1486;1563729849.0408;39.70;27.795
1487;1563729849.0458;57.55;27.815
1488;1563729849.0508;56.75;27.795
1489;1563729849.0558;126.30;27.770
1490;1563729849.0608;85.40;27.770
1491;1563729849.0658;76.20;27.775
1492;1563729849.0708;30.75;27.790
1493;1563729849.0758;28.25;27.790
1494;1563729849.0808;40.45;27.800
1495;1563729849.0858;56.20;27.780
1496;1563729849.0908;28.60;27.780
1497;1563729849.0958;114.30;27.780
1498;1563729849.1008;40.10;27.790
1499;1563729849.1058;42.50;27.755
1500;1563729849.1108;53.55;27.755
1501;1563729849.1158;66.00;27.765
1502;1563729849.1208;68.55;27.795
1503;1563729849.1258;79.60;27.800
1504;1563729849.1308;39.05;27.800
1505;1563729849.1358;67.35;27.785
1506;1563729849.1408;89.65;27.785
1507;1563729849.1458;58.40;27.765
1508;1563729849.1508;51.00;27.765
1509;1563729849.1558;60.10;27.815
1510;1563729849.1608;68.95;27.760
1511;1563729849.1657;64.45;27.760
1512;1563729849.1708;102.40;27.780
1513;1563729849.1758;75.95;27.755
1514;1563729849.1808;91.85;27.775
1515;1563729849.1858;148.75;27.775
1516;1563729849.1908;82.95;27.810
1517;1563729849.1958;119.25;27.770
1518;1563729849.2008;116.30;27.770
1519;1563729849.2058;83.95;27.790
1520;1563729849.2108;54.45;27.790
1521;1563729849.2158;54.65;27.775
1522;1563729849.2208;92.95;27.775
1523;1563729849.2258;83.45;27.785
1524;1563729849.2308;125.65;27.830
1525;1563729849.2358;134.10;27.795
1526;1563729849.2408;156.35;27.795
1527;1563729849.2458;125.45;27.780
1528;1563729849.2508;120.70;27.755
1529;1563729849.2558;78.80;27.755
1530;1563729849.2608;88.80;27.785
1531;1563729849.2658;139.00;27.795
1532;1563729849.2708;121.05;27.780
1533;1563729849.2758;117.25;27.780
1534;1563729849.2808;111.50;27.795
1535;1563729849.2858;104.80;27.810
1536;1563729849.2908;106.75;27.810
1537;1563729849.2958;101.85;27.775
1538;1563729849.3008;129.35;27.835
1539;1563729849.3058;117.85;27.800
1540;1563729849.3108;98.30;27.800
1541;1563729849.3158;85.15;27.800
1542;1563729849.3208;91.45;27.805
1543;1563729849.3258;79.80;27.785
1544;1563729849.3308;113.70;27.785
1545;1563729849.3358;125.75;27.775
1546;1563729849.3407;96.95;27.815
1547;1563729849.3457;89.05;27.815
1548;1563729849.3508;84.85;27.840
1549;1563729849.3557;76.55;27.790
1550;1563729849.3608;84.05;27.785
1551;1563729849.3658;60.80;27.785
1552;1563729849.3710;82.40;27.795
1553;1563729849.3758;69.50;27.775
1554;1563729849.3808;78.10;27.775
1555;1563729849.3858;130.85;27.800
1556;1563729849.3908;84.75;27.775
1557;1563729849.3958;87.40;27.790
1558;1563729849.4008;84.95;27.790
1559;1563729849.4058;56.40;27.785
1560;1563729849.4108;88.50;27.785
1561;1563729849.4158;24.35;27.800
1562;1563729849.4208;44.50;27.800
1563;1563729849.4258;24.55;27.775
1564;1563729849.4308;27.60;27.785
1565;1563729849.4358;3.15;27.785
1566;1563729849.4408;18.70;27.815
1567;1563729849.4458;57.95;27.800
1568;1563729849.4508;86.85;27.800
1569;1563729849.4559;46.85;27.800
1570;1563729849.4607;50.25;27.795
1571;1563729849.4658;60.00;27.830
1572;1563729849.4708;88.70;27.830
1573;1563729849.4758;80.35;27.800
1574;1563729849.4809;120.20;27.815
1575;1563729849.4858;47.85;27.795
1576;1563729849.4908;62.80;27.795
1577;1563729849.4957;98.75;27.790
1578;1563729849.5008;50.15;27.830
1579;1563729849.5058;5.75;27.830
1580;1563729849.5107;3254.05;27.790
1581;1563729849.5158;3268.55;27.815
1582;1563729849.5208;3264.25;27.830
1583;1563729849.5258;18.50;27.830
1584;1563729849.5308;4.10;27.800
1585;1563729849.5358;9.05;27.810
1586;1563729849.5408;3258.45;27.815
1587;1563729849.5458;3255.00;27.815
1588;1563729849.5508;3246.05;27.795
1589;1563729849.5558;3254.40;27.835
1590;1563729849.5608;3259.15;27.835
1591;1563729849.5658;3245.85;27.795
1592;1563729849.5708;3224.10;27.805
1593;1563729849.5758;3241.65;27.815
1594;1563729849.5808;3228.45;27.815
1595;1563729849.5858;3234.60;27.820
1596;1563729849.5908;3234.10;27.870
1597;1563729849.5958;3222.45;27.870
1598;1563729849.6008;3228.85;27.820
1599;1563729849.6058;3259.25;27.845
1600;1563729849.6108;3247.30;27.815
1601;1563729849.6158;3228.30;27.815
1602;1563729849.6208;3238.40;27.785
1603;1563729849.6258;3236.95;27.820
1604;1563729849.6308;3238.80;27.825
1605;1563729849.6358;3226.10;27.825
1606;1563729849.6423;3207.10;27.815
1607;1563729849.6467;3214.95;27.795
1608;1563729849.6518;3240.15;27.825
1609;1563729849.6568;3254.50;27.825
1610;1563729849.6618;3230.60;27.825
1611;1563729849.6667;3211.50;27.845
1612;1563729849.6718;3216.85;27.845
1613;1563729849.6768;3192.90;27.805
1614;1563729849.6818;3210.05;27.785
1615;1563729849.6868;3203.20;27.840
1616;1563729849.6918;3186.80;27.840
1617;1563729849.6968;3184.85;27.825
1618;1563729849.7018;3201.20;27.830
1619;1563729849.7067;3224.30;27.810
1620;1563729849.7118;3204.55;27.810
1621;1563729849.7167;3176.80;27.835
1622;1563729849.7218;3169.85;27.815
1623;1563729849.7268;3184.85;27.815
1624;1563729849.7318;3207.60;27.820
1625;1563729849.7368;3231.30;27.835
1626;1563729849.7418;3162.25;27.820
1627;1563729849.7468;3165.35;27.820
1628;1563729849.7518;3163.25;27.855
1629;1563729849.7568;3197.90;27.835
1630;1563729849.7618;3198.45;27.835
1631;1563729849.7668;3155.35;27.825
1632;1563729849.7718;3176.40;27.820
1633;1563729849.7768;3160.85;27.855
1634;1563729849.7818;3180.95;27.855
1635;1563729849.7868;3178.60;27.815
1636;1563729849.7918;3170.15;27.825
1637;1563729849.7968;3207.65;27.825
1638;1563729849.8019;3183.75;27.835
1639;1563729849.8068;3171.20;27.835
1640;1563729849.8118;3202.70;27.815
1641;1563729849.8168;3219.15;27.815
1642;1563729849.8218;3226.05;27.830
1643;1563729849.8268;3232.95;27.835
1644;1563729849.8317;3238.55;27.800
1645;1563729849.8368;3243.40;27.800
1646;1563729849.8418;3249.70;27.815
1647;1563729849.8468;3255.85;27.815
1648;1563729849.8518;3254.75;27.815
1649;1563729849.8568;3256.40;27.830
1650;1563729849.8618;3259.45;27.845
1651;1563729849.8668;3265.65;27.840
1652;1563729849.8718;3263.65;27.840
1653;1563729849.8768;3261.40;27.820
1654;1563729849.8818;3267.15;27.820
1655;1563729849.8868;3266.70;27.820
1656;1563729849.8918;3265.80;27.810
1657;1563729849.8968;3265.75;27.840
1658;1563729849.9018;3265.65;27.820
1659;1563729849.9068;3266.90;27.820
1660;1563729849.9118;3268.85;27.835
1661;1563729849.9168;3268.25;27.825
1662;1563729849.9218;3268.10;27.815
1663;1563729849.9268;3268.25;27.815
1664;1563729849.9318;3269.00;27.845
1665;1563729849.9368;3269.50;27.840
1666;1563729849.9418;3270.10;27.840
1667;1563729849.9468;3270.60;27.805
1668;1563729849.9518;3270.65;27.835
1669;1563729849.9568;3271.00;27.835
1670;1563729849.9618;3271.55;27.835
1671;1563729849.9668;3271.85;27.815
1672;1563729849.9719;3271.80;27.825
1673;1563729849.9768;3272.20;27.825
1674;1563729849.9818;3272.15;27.835
1675;1563729849.9868;3272.85;27.805
1676;1563729849.9918;3273.30;27.800
1677;1563729849.9968;3273.60;27.800
1678;1563729850.0018;3274.00;27.815
1679;1563729850.0068;3274.00;27.815
1680;1563729850.0118;3274.10;27.810
1681;1563729850.0168;3274.40;27.810
1682;1563729850.0218;3274.70;27.835
1683;1563729850.0268;3274.90;27.850
1684;1563729850.0318;3275.05;27.850
1685;1563729850.0368;3275.30;27.840
1686;1563729850.0418;3275.55;27.810
1687;1563729850.0468;3275.65;27.820
1688;1563729850.0518;3275.75;27.820
1689;1563729850.0568;3275.65;27.825
1690;1563729850.0618;3275.85;27.835
1691;1563729850.0668;3275.90;27.835
1692;1563729850.0719;3276.00;27.850
1693;1563729850.0768;3276.10;27.830
1694;1563729850.0818;3276.15;27.820
1695;1563729850.0868;3276.20;27.820
1696;1563729850.0918;3276.25;27.815
1697;1563729850.0968;3276.25;27.835
1698;1563729850.1018;3276.25;27.835
1699;1563729850.1068;3276.30;27.835
1700;1563729850.1118;3276.40;27.810
1701;1563729850.1168;3276.45;27.850
1702;1563729850.1218;3276.45;27.850
1703;1563729850.1268;3276.45;27.840
1704;1563729850.1318;3276.45;27.840
1705;1563729850.1368;3276.50;27.790
1706;1563729850.1418;3276.50;27.790
1707;1563729850.1468;3276.50;27.835
1708;1563729850.1518;3276.55;27.825
1709;1563729850.1568;3276.55;27.825
1710;1563729850.1618;3276.55;27.840
1711;1563729850.1668;3276.65;27.855
1712;1563729850.1719;3276.60;27.815
1713;1563729850.1768;3276.65;27.815
1714;1563729850.1818;3276.65;27.835
1715;1563729850.1868;3276.75;27.820
1716;1563729850.1918;0.00;27.820
1717;1563729850.1968;0.00;27.835
1718;1563729850.2018;3276.75;27.830
1719;1563729850.2068;3276.75;27.840
1720;1563729850.2118;3276.70;27.840
1721;1563729850.2168;3276.75;27.835
1722;1563729850.2218;3276.75;27.865
1723;1563729850.2268;0.00;27.835
1724;1563729850.2318;0.00;27.835
1725;1563729850.2368;0.00;27.850
1726;1563729850.2418;0.00;27.840
1727;1563729850.2468;3276.75;27.840
1728;1563729850.2518;3276.70;27.835
1729;1563729850.2567;3276.70;27.835
1730;1563729850.2618;3276.75;27.830
1731;1563729850.2668;3276.75;27.830
1732;1563729850.2717;3276.75;27.845
1733;1563729850.2768;3276.75;27.880
1734;1563729850.2818;0.00;27.880
1735;1563729850.2878;3276.75;27.830
1736;1563729850.2928;0.00;27.835
1737;1563729850.2978;0.05;27.840
1738;1563729850.3028;0.05;27.835
1739;1563729850.3078;0.05;27.835
1740;1563729850.3128;0.05;27.840
1741;1563729850.3178;0.10;27.845
1742;1563729850.3229;0.05;27.845
1743;1563729850.3278;0.05;27.850
1744;1563729850.3328;0.05;27.855
1745;1563729850.3378;0.05;27.825
1746;1563729850.3428;0.00;27.825
1747;1563729850.3478;0.05;27.850
1748;1563729850.3528;0.00;27.820
1749;1563729850.3578;0.05;27.820
1750;1563729850.3628;0.05;27.840
1751;1563729850.3677;0.00;27.795
1752;1563729850.3728;0.10;27.845
1753;1563729850.3778;0.00;27.845
1754;1563729850.3828;0.00;27.850
1755;1563729850.3878;3276.75;27.840
1756;1563729850.3928;0.00;27.830
1757;1563729850.3978;0.00;27.830
1758;1563729850.4027;0.00;27.835
1759;1563729850.4077;0.00;27.815
1760;1563729850.4128;0.05;27.815
1761;1563729850.4178;0.00;27.800
1762;1563729850.4228;0.00;27.840
1763;1563729850.4278;0.00;27.850
1764;1563729850.4328;0.00;27.850
1765;1563729850.4378;0.05;27.825
1766;1563729850.4428;0.05;27.835
1767;1563729850.4478;3276.75;27.835
1768;1563729850.4528;0.00;27.835
1769;1563729850.4578;0.00;27.835
1770;1563729850.4628;0.00;27.845
1771;1563729850.4678;0.00;27.845
1772;1563729850.4728;0.00;27.830
1773;1563729850.4778;0.00;27.835
1774;1563729850.4828;0.05;27.835
1775;1563729850.4878;0.00;27.845
1776;1563729850.4928;0.00;27.835
1777;1563729850.4978;0.00;27.780
1778;1563729850.5028;0.00;27.780
1779;1563729850.5078;0.00;27.850
1780;1563729850.5128;0.00;27.795
1781;1563729850.5191;0.00;27.825
1782;1563729850.5237;0.00;27.825
1783;1563729850.5288;0.00;27.815
1784;1563729850.5338;0.00;27.840
1785;1563729850.5388;0.00;27.835
1786;1563729850.5438;0.00;27.835
1787;1563729850.5488;3276.75;27.835
1788;1563729850.5538;0.00;27.860
1789;1563729850.5588;0.00;27.860
1790;1563729850.5638;3276.75;27.810
1791;1563729850.5688;0.00;27.820
1792;1563729850.5738;3276.75;27.830
1793;1563729850.5788;3276.75;27.830
1794;1563729850.5838;0.00;27.815
1795;1563729850.5888;3276.75;27.840
1796;1563729850.5938;3276.75;27.835
1797;1563729850.5988;3276.75;27.835
1798;1563729850.6038;0.00;27.845
1799;1563729850.6088;0.00;27.820
1800;1563729850.6138;0.00;27.820
1801;1563729850.6188;0.00;27.850
1802;1563729850.6238;0.00;27.810
1803;1563729850.6289;0.00;27.840
1804;1563729850.6338;0.00;27.840
1805;1563729850.6388;0.00;27.795
1806;1563729850.6438;0.00;27.810
1807;1563729850.6488;0.00;27.810
1808;1563729850.6538;3276.75;27.835
1809;1563729850.6588;0.00;27.815
1810;1563729850.6638;3276.75;27.805
1811;1563729850.6688;3276.75;27.805
1812;1563729850.6738;3276.75;27.840
1813;1563729850.6788;0.00;27.830
1814;1563729850.6838;3276.75;27.825
1815;1563729850.6888;3276.75;27.825
1816;1563729850.6938;0.00;27.815
1817;1563729850.6988;3276.75;27.850
1818;1563729850.7038;3276.75;27.850
1819;1563729850.7088;0.00;27.820
1820;1563729850.7138;0.00;27.830
1821;1563729850.7188;3276.75;27.795
1822;1563729850.7238;3276.75;27.795
1823;1563729850.7288;3276.75;27.820
1824;1563729850.7338;0.00;27.865
1825;1563729850.7388;3276.75;27.865
1826;1563729850.7438;3276.75;27.805
1827;1563729850.7488;3276.75;27.830
1828;1563729850.7538;3276.75;27.820
1829;1563729850.7588;3276.75;27.820
1830;1563729850.7638;0.00;27.835
1831;1563729850.7688;3276.75;27.835
1832;1563729850.7738;0.00;27.835
1833;1563729850.7788;0.00;27.850
1834;1563729850.7838;3276.75;27.825
1835;1563729850.7888;3276.75;27.850
1836;1563729850.7938;3276.75;27.850
1837;1563729850.7988;0.00;27.810
1838;1563729850.8038;3276.75;27.835
1839;1563729850.8088;3276.75;27.860
1840;1563729850.8138;3276.75;27.860
1841;1563729850.8188;0.00;27.835
1842;1563729850.8238;3276.75;27.825
1843;1563729850.8288;3276.75;27.825
1844;1563729850.8338;3276.75;27.825
1845;1563729850.8388;3276.75;27.860
1846;1563729850.8438;0.00;27.835
1847;1563729850.8488;3276.75;27.835
1848;1563729850.8538;3276.75;27.845
1849;1563729850.8588;3276.75;27.830
1850;1563729850.8638;3276.75;27.830
1851;1563729850.8688;3276.75;27.815
1852;1563729850.8738;0.00;27.835
1853;1563729850.8788;0.00;27.815
1854;1563729850.8838;3276.75;27.815
1855;1563729850.8888;0.00;27.830
1856;1563729850.8938;3276.75;27.835
1857;1563729850.8988;0.00;27.815
1858;1563729850.9038;3276.75;27.815
1859;1563729850.9088;3276.75;27.850
1860;1563729850.9138;3276.75;27.835
1861;1563729850.9188;3276.75;27.835
1862;1563729850.9238;3276.75;27.860
1863;1563729850.9287;0.00;27.835
1864;1563729850.9338;3276.75;27.870
1865;1563729850.9388;3276.75;27.870
1866;1563729850.9438;3276.75;27.825
1867;1563729850.9488;3276.75;27.835
1868;1563729850.9538;0.00;27.835
1869;1563729850.9588;3276.75;27.830
1870;1563729850.9638;3276.75;27.835
1871;1563729850.9688;3276.75;27.805
1872;1563729850.9738;3276.75;27.805
1873;1563729850.9788;3276.75;27.840
1874;1563729850.9838;3276.75;27.835
1875;1563729850.9888;3276.75;27.820
1876;1563729850.9938;0.00;27.820
1877;1563729850.9988;3276.75;27.825
1878;1563729851.0038;3276.75;27.840
1879;1563729851.0088;0.00;27.840
1880;1563729851.0138;0.05;27.860
1881;1563729851.0188;3276.75;27.845
1882;1563729851.0238;0.00;27.850
1883;1563729851.0288;3276.75;27.850
1884;1563729851.0338;3276.75;27.815
1885;1563729851.0388;0.00;27.810
1886;1563729851.0438;3276.75;27.810
1887;1563729851.0488;0.00;27.855
1888;1563729851.0538;3276.75;27.820
1889;1563729851.0588;0.00;27.835
1890;1563729851.0638;3276.75;27.835
1891;1563729851.0688;3276.75;27.850
1892;1563729851.0738;3276.75;27.825
1893;1563729851.0788;3276.75;27.845
1894;1563729851.0838;3276.75;27.845
1895;1563729851.0888;3276.75;27.850
1896;1563729851.0938;0.00;27.865
1897;1563729851.0988;0.00;27.865
1898;1563729851.1038;3276.75;27.825
1899;1563729851.1088;3276.70;27.820
1900;1563729851.1138;3276.75;27.835
1901;1563729851.1188;3276.75;27.835
1902;1563729851.1238;3276.70;27.855
1903;1563729851.1288;3276.75;27.840
1904;1563729851.1338;3276.70;27.840
1905;1563729851.1388;3276.75;27.815
1906;1563729851.1438;3276.75;27.820
1907;1563729851.1488;3276.75;27.850
1908;1563729851.1538;3276.75;27.850
1909;1563729851.1588;3276.75;27.830
1910;1563729851.1638;3276.75;27.805
1911;1563729851.1688;0.00;27.805
1912;1563729851.1738;0.00;27.805
1913;1563729851.1788;3276.75;27.810
1914;1563729851.1838;3276.75;27.835
1915;1563729851.1888;0.00;27.835
1916;1563729851.1938;3276.75;27.850
1917;1563729851.1988;0.00;27.835
1918;1563729851.2038;3276.75;27.840
1919;1563729851.2088;3276.75;27.840
1920;1563729851.2138;3276.75;27.815
1921;1563729851.2188;3276.70;27.865
1922;1563729851.2238;3276.75;27.865
1923;1563729851.2288;3276.75;27.850
1924;1563729851.2338;3276.75;27.855
1925;1563729851.2388;3276.75;27.835
1926;1563729851.2438;3276.75;27.835
1927;1563729851.2488;3276.75;27.835
1928;1563729851.2538;3276.75;27.800
1929;1563729851.2588;3276.75;27.800
1930;1563729851.2638;3276.75;27.850
1931;1563729851.2688;3276.75;27.850
1932;1563729851.2738;3276.75;27.840
1933;1563729851.2788;3276.75;27.840
1934;1563729851.2838;3276.75;27.815
1935;1563729851.2888;0.00;27.825
1936;1563729851.2938;0.00;27.815
1937;1563729851.2988;0.00;27.815
1938;1563729851.3038;0.00;27.845
1939;1563729851.3088;3276.75;27.785
1940;1563729851.3138;0.00;27.785
1941;1563729851.3188;3276.75;27.825
1942;1563729851.3238;3276.75;27.815
1943;1563729851.3289;3276.75;27.830
1944;1563729851.3338;3276.75;27.830
1945;1563729851.3388;3276.70;27.850
1946;1563729851.3438;3276.70;27.845
1947;1563729851.3488;3276.75;27.845
1948;1563729851.3538;3276.75;27.840
1949;1563729851.3588;3276.70;27.840
1950;1563729851.3638;0.00;27.835
1951;1563729851.3688;0.00;27.835
1952;1563729851.3738;0.00;27.835
1953;1563729851.3788;0.05;27.850
1954;1563729851.3838;3276.75;27.805
1955;1563729851.3888;0.00;27.805
1956;1563729851.3938;0.00;27.845
1957;1563729851.3988;3276.75;27.840
1958;1563729851.4038;3276.75;27.840
1959;1563729851.4087;3276.70;27.810
1960;1563729851.4138;3276.70;27.820
1961;1563729851.4188;3276.70;27.810
1962;1563729851.4237;3276.75;27.810
1963;1563729851.4288;3276.75;27.825
1964;1563729851.4338;3276.75;27.835
1965;1563729851.4388;3276.75;27.835
1966;1563729851.4439;3276.75;27.850
1967;1563729851.4488;3276.75;27.820
1968;1563729851.4538;3276.75;27.835
1969;1563729851.4588;0.00;27.835
1970;1563729851.4638;3276.75;27.870
1971;1563729851.4688;3276.75;27.830
1972;1563729851.4738;3276.75;27.825
1973;1563729851.4788;3276.75;27.825
1974;1563729851.4838;0.00;27.850
1975;1563729851.4888;3276.75;27.815
1976;1563729851.4938;3276.75;27.815
1977;1563729851.4988;3276.75;27.830
1978;1563729851.5038;3276.75;27.820
1979;1563729851.5088;3276.75;27.850
1980;1563729851.5138;3276.75;27.850
1981;1563729851.5198;3276.70;27.800
1982;1563729851.5248;3276.70;27.835
1983;1563729851.5298;3276.75;27.815
1984;1563729851.5348;3276.70;27.815
1985;1563729851.5398;3276.70;27.830
1986;1563729851.5448;3276.75;27.835
1987;1563729851.5498;3276.70;27.835
1988;1563729851.5548;3276.70;27.820
1989;1563729851.5598;3276.75;27.825
1990;1563729851.5648;3276.75;27.815
1991;1563729851.5698;3276.75;27.815
1992;1563729851.5748;3276.75;27.840
1993;1563729851.5798;3276.75;27.805
1994;1563729851.5849;3276.75;27.830
1995;1563729851.5898;0.00;27.830
1996;1563729851.5948;3276.75;27.885
1997;1563729851.5998;3276.75;27.845
1998;1563729851.6048;3276.75;27.845
1999;1563729851.6098;3276.75;27.830
2000;1563729851.6148;3276.70;27.825
2001;1563729851.6198;3276.75;27.835
2002;1563729851.6248;3276.75;27.835
2003;1563729851.6298;3276.75;27.840
2004;1563729851.6348;3276.75;27.850
2005;1563729851.6398;3276.75;27.850
2006;1563729851.6448;3276.70;27.850
2007;1563729851.6498;0.00;27.835
2008;1563729851.6548;3276.70;27.825
2009;1563729851.6598;3276.75;27.825
2010;1563729851.6648;0.00;27.825
2011;1563729851.6698;3276.75;27.835
2012;1563729851.6748;3276.75;27.865
2013;1563729851.6798;3276.75;27.865
2014;1563729851.6848;3276.75;27.835
2015;1563729851.6898;3276.75;27.835
2016;1563729851.6948;3276.75;27.835
2017;1563729851.6998;3276.75;27.835
2018;1563729851.7049;3276.75;27.815
2019;1563729851.7098;3276.75;27.830
2020;1563729851.7148;3276.75;27.830
2021;1563729851.7198;3276.75;27.850
2022;1563729851.7248;3276.75;27.875
2023;1563729851.7298;3276.75;27.875
2024;1563729851.7348;3276.70;27.805
2025;1563729851.7399;3276.70;27.835
2026;1563729851.7448;3276.70;27.835
2027;1563729851.7498;3276.75;27.835
2028;1563729851.7548;3276.70;27.835
2029;1563729851.7598;3276.75;27.825
2030;1563729851.7648;3276.75;27.815
2031;1563729851.7697;3276.75;27.815
2032;1563729851.7748;3276.75;27.850
2033;1563729851.7798;3276.75;27.850
2034;1563729851.7848;3276.75;27.850
2035;1563729851.7898;3276.75;27.865
2036;1563729851.7948;3276.75;27.780
2037;1563729851.7998;0.00;27.845
2038;1563729851.8048;3276.75;27.845
2039;1563729851.8098;3276.75;27.830
2040;1563729851.8148;3276.75;27.855
2041;1563729851.8198;3276.75;27.855
2042;1563729851.8248;0.00;27.825
2043;1563729851.8298;3276.75;27.860
2044;1563729851.8348;3276.70;27.815
2045;1563729851.8398;3276.75;27.815
2046;1563729851.8448;3276.75;27.865
2047;1563729851.8498;3276.75;27.835
2048;1563729851.8548;3276.75;27.835
2049;1563729851.8599;3276.75;27.835
2050;1563729851.8648;3276.75;27.830
2051;1563729851.8698;0.00;27.840
2052;1563729851.8748;3276.75;27.840
2053;1563729851.8798;3276.75;27.850
2054;1563729851.8848;3276.75;27.840
2055;1563729851.8898;3276.75;27.840
2056;1563729851.8948;3276.75;27.840
2057;1563729851.8998;0.00;27.835
2058;1563729851.9048;3276.75;27.865
2059;1563729851.9098;3276.75;27.865
2060;1563729851.9148;3276.75;27.840
2061;1563729851.9198;3276.75;27.835
2062;1563729851.9248;3276.70;27.855
2063;1563729851.9298;3276.75;27.855
2064;1563729851.9348;3276.70;27.830
2065;1563729851.9399;3276.70;27.850
2066;1563729851.9449;3276.75;27.850
2067;1563729851.9499;0.00;27.850
2068;1563729851.9549;3276.75;27.835
2069;1563729851.9599;3276.75;27.840
2070;1563729851.9650;3276.75;27.840
2071;1563729851.9698;3276.75;27.850
2072;1563729851.9749;0.00;27.840
2073;1563729851.9800;3276.75;27.860
2074;1563729851.9850;0.00;27.860
2075;1563729851.9898;3276.75;27.835
2076;1563729851.9950;3276.75;27.820
2077;1563729851.9999;3276.75;27.820
2078;1563729852.0049;3276.75;27.830
2079;1563729852.0098;3276.70;27.835
2080;1563729852.0148;3276.70;27.850
2081;1563729852.0198;3276.75;27.850
2082;1563729852.0248;3276.75;27.845
2083;1563729852.0299;3276.75;27.825
2084;1563729852.0349;3276.75;27.825
2085;1563729852.0398;3276.75;27.820
2086;1563729852.0448;3276.70;27.795
2087;1563729852.0499;3276.75;27.845
2088;1563729852.0548;3276.75;27.845
2089;1563729852.0599;3276.75;27.845
2090;1563729852.0649;0.00;27.825
2091;1563729852.0699;3276.75;27.815
2092;1563729852.0748;3276.75;27.815
2093;1563729852.0800;3276.75;27.820
2094;1563729852.0849;3276.75;27.845
2095;1563729852.0899;3276.75;27.845
2096;1563729852.0949;3276.70;27.840
2097;1563729852.1000;3276.75;27.815
2098;1563729852.1049;3276.70;27.855
2099;1563729852.1099;3276.75;27.855
2100;1563729852.1148;3276.70;27.810
2101;1563729852.1199;3276.70;27.840
2102;1563729852.1249;3276.75;27.840
2103;1563729852.1299;3276.75;27.815
2104;1563729852.1348;3276.75;27.855
2105;1563729852.1398;3276.75;27.850
2106;1563729852.1448;3276.75;27.850
2107;1563729852.1499;3276.75;27.820
2108;1563729852.1548;3276.75;27.855
2109;1563729852.1598;3276.75;27.860
2110;1563729852.1648;0.00;27.860
2111;1563729852.1698;3276.75;27.805
2112;1563729852.1748;3276.75;27.865
2113;1563729852.1798;3276.75;27.865
2114;1563729852.1849;3276.75;27.835
2115;1563729852.1899;3276.75;27.835
2116;1563729852.1948;3276.70;27.820
2117;1563729852.2000;3276.70;27.820
2118;1563729852.2049;3276.70;27.850
2119;1563729852.2099;3276.70;27.830
2120;1563729852.2148;3276.75;27.830
2121;1563729852.2199;3276.75;27.850
2122;1563729852.2249;3276.70;27.845
2123;1563729852.2299;3276.70;27.860
2124;1563729852.2349;3276.75;27.860
2125;1563729852.2400;3276.75;27.835
2126;1563729852.2449;3276.75;27.825
2127;1563729852.2498;3276.75;27.840
2128;1563729852.2549;3276.75;27.840
2129;1563729852.2598;3276.75;27.835
2130;1563729852.2648;0.00;27.810
2131;1563729852.2698;3276.75;27.810
2132;1563729852.2748;3276.75;27.815
2133;1563729852.2799;3276.75;27.815
2134;1563729852.2848;3276.75;27.775
2135;1563729852.2898;3276.75;27.775
2136;1563729852.2948;3276.75;27.830
2137;1563729852.2999;3276.75;27.840
2138;1563729852.3049;3276.75;27.840
2139;1563729852.3098;3276.70;27.840
2140;1563729852.3149;3276.75;27.840
2141;1563729852.3200;3276.75;27.835
2142;1563729852.3249;3276.75;27.835
2143;1563729852.3299;3276.75;27.835
2144;1563729852.3349;0.00;27.840
2145;1563729852.3399;3276.75;27.865
2146;1563729852.3449;3276.75;27.865
2147;1563729852.3499;3276.75;27.835
2148;1563729852.3549;3276.70;27.865
2149;1563729852.3600;3276.75;27.865
2150;1563729852.3648;3276.75;27.845
2151;1563729852.3698;0.00;27.820
2152;1563729852.3748;3276.70;27.865
2153;1563729852.3798;3276.75;27.865
2154;1563729852.3849;3276.70;27.825
2155;1563729852.3898;0.00;27.850
2156;1563729852.3948;3276.70;27.850
2157;1563729852.3998;3276.75;27.840
2158;1563729852.4048;3276.70;27.870
2159;1563729852.4098;3276.75;27.855
2160;1563729852.4148;3276.70;27.855
2161;1563729852.4198;3276.75;27.835
2162;1563729852.4248;3276.70;27.820
2163;1563729852.4299;3276.75;27.850
2164;1563729852.4348;0.00;27.850
2165;1563729852.4398;3276.75;27.810
2166;1563729852.4448;3276.75;27.835
2167;1563729852.4498;0.00;27.835
2168;1563729852.4548;3276.75;27.830
2169;1563729852.4598;3276.70;27.835
2170;1563729852.4648;0.00;27.795
2171;1563729852.4698;3276.75;27.795
2172;1563729852.4749;3276.75;27.850
2173;1563729852.4799;3276.75;27.815
2174;1563729852.4848;3276.75;27.815
2175;1563729852.4899;3276.75;27.835
2176;1563729852.4950;3276.75;27.805
2177;1563729852.4998;0.00;27.825
2178;1563729852.5049;3276.75;27.825
2179;1563729852.5099;0.00;27.845
2180;1563729852.5149;3276.75;27.840
2181;1563729852.5198;3276.70;27.840
2182;1563729852.5248;3276.75;27.845
2183;1563729852.5298;3276.75;27.860
2184;1563729852.5348;3276.75;27.835
2185;1563729852.5398;3276.75;27.835
2186;1563729852.5448;3276.70;27.810
2187;1563729852.5498;3276.75;27.820
2188;1563729852.5549;3276.75;27.830
2189;1563729852.5598;3276.75;27.830
2190;1563729852.5649;3276.70;27.820
2191;1563729852.5699;3276.70;27.840
2192;1563729852.5749;0.00;27.840
2193;1563729852.5800;3276.75;27.840
2194;1563729852.5848;3276.75;27.860
2195;1563729852.5899;3276.75;27.845
2196;1563729852.5950;3276.75;27.845
2197;1563729852.5999;3276.75;27.840
2198;1563729852.6050;3276.75;27.820
2199;1563729852.6099;3276.75;27.820
2200;1563729852.6150;3276.75;27.835
2201;1563729852.6198;3276.75;27.850
2202;1563729852.6249;3276.75;27.825
2203;1563729852.6299;3276.75;27.825
2204;1563729852.6348;3276.75;27.845
2205;1563729852.6398;3276.75;27.835
2206;1563729852.6448;3276.75;27.835
2207;1563729852.6498;3276.75;27.835
2208;1563729852.6548;0.00;27.855
2209;1563729852.6598;3276.75;27.825
2210;1563729852.6648;3276.75;27.825
2211;1563729852.6698;3276.75;27.835
2212;1563729852.6749;3276.75;27.845
2213;1563729852.6799;3276.75;27.840
2214;1563729852.6850;3276.75;27.840
2215;1563729852.6898;3276.75;27.860
2216;1563729852.6949;3276.70;27.840
2217;1563729852.6999;3276.75;27.840
2218;1563729852.7048;0.00;27.845
2219;1563729852.7099;3276.75;27.820
2220;1563729852.7149;0.00;27.850
2221;1563729852.7199;3276.75;27.850
2222;1563729852.7248;3276.75;27.825
2223;1563729852.7298;3276.75;27.800
2224;1563729852.7349;3276.75;27.850
2225;1563729852.7398;3276.75;27.850
2226;1563729852.7449;3276.75;27.835
2227;1563729852.7499;0.00;27.840
2228;1563729852.7549;3276.75;27.840
2229;1563729852.7599;3276.70;27.865
2230;1563729852.7649;3276.75;27.825
2231;1563729852.7698;3276.75;27.840
2232;1563729852.7748;3276.70;27.840
2233;1563729852.7798;3276.70;27.840
2234;1563729852.7848;3276.75;27.825
2235;1563729852.7898;3276.70;27.825
2236;1563729852.7948;3276.75;27.850
2237;1563729852.7998;3276.75;27.840
2238;1563729852.8048;3276.75;27.855
2239;1563729852.8099;3276.75;27.855
2240;1563729852.8148;3276.75;27.845
2241;1563729852.8199;3276.75;27.825
2242;1563729852.8248;3276.75;27.835
2243;1563729852.8299;3276.75;27.835
2244;1563729852.8349;0.00;27.860
2245;1563729852.8398;3276.75;27.815
2246;1563729852.8449;3276.75;27.815
2247;1563729852.8499;3276.75;27.820
2248;1563729852.8549;3276.75;27.850
2249;1563729852.8599;3276.75;27.850
2250;1563729852.8649;3276.75;27.850
2251;1563729852.8699;3276.75;27.845
2252;1563729852.8750;3276.75;27.815
2253;1563729852.8799;3276.75;27.815
2254;1563729852.8848;3276.70;27.835
2255;1563729852.8898;3276.75;27.860
2256;1563729852.8948;3276.70;27.830
2257;1563729852.8998;3276.75;27.830
2258;1563729852.9048;3276.75;27.830
2259;1563729852.9098;3276.75;27.830
2260;1563729852.9148;3276.70;27.840
2261;1563729852.9198;3276.75;27.840
2262;1563729852.9248;3276.75;27.820
2263;1563729852.9298;3276.75;27.820
2264;1563729852.9348;3276.75;27.820
2265;1563729852.9398;3276.75;27.820
2266;1563729852.9448;3276.75;27.845
2267;1563729852.9499;3276.75;27.820
2268;1563729852.9548;3276.75;27.820
2269;1563729852.9599;3276.75;27.855
2270;1563729852.9649;3276.75;27.850
2271;1563729852.9698;3276.75;27.850
2272;1563729852.9748;3276.75;27.810
2273;1563729852.9798;3276.75;27.840
2274;1563729852.9848;3276.70;27.835
2275;1563729852.9898;3276.75;27.835
2276;1563729852.9948;3276.75;27.840
2277;1563729852.9998;3276.70;27.825
2278;1563729853.0048;3276.75;27.825
2279;1563729853.0098;3276.75;27.845
2280;1563729853.0148;0.00;27.845
2281;1563729853.0198;3276.75;27.870
2282;1563729853.0248;3276.75;27.870
2283;1563729853.0299;3276.75;27.830
2284;1563729853.0348;3276.75;27.795
2285;1563729853.0398;3276.75;27.890
2286;1563729853.0448;0.00;27.890
2287;1563729853.0498;3276.70;27.815
2288;1563729853.0549;3276.75;27.795
2289;1563729853.0599;3276.70;27.795
2290;1563729853.0649;3276.75;27.835
2291;1563729853.0700;3276.70;27.850
2292;1563729853.0749;3276.75;27.855
2293;1563729853.0798;3276.70;27.855
2294;1563729853.0849;3276.75;27.825
2295;1563729853.0899;3276.70;27.835
2296;1563729853.0949;3276.75;27.835
2297;1563729853.1000;3276.75;27.840
2298;1563729853.1050;3276.70;27.855
2299;1563729853.1099;0.00;27.835
2300;1563729853.1149;3276.75;27.835
2301;1563729853.1199;3276.75;27.825
2302;1563729853.1249;3276.75;27.840
2303;1563729853.1301;3276.75;27.850
2304;1563729853.1348;3276.75;27.850
2305;1563729853.1398;3276.75;27.835
2306;1563729853.1448;3276.75;27.830
2307;1563729853.1498;3276.75;27.830
2308;1563729853.1548;3276.75;27.840
2309;1563729853.1599;3276.70;27.840
2310;1563729853.1648;3276.75;27.835
2311;1563729853.1698;0.00;27.835
2312;1563729853.1748;3276.70;27.815
2313;1563729853.1798;3276.70;27.795
2314;1563729853.1849;3276.75;27.795
2315;1563729853.1898;3276.75;27.870
2316;1563729853.1949;3276.75;27.870
2317;1563729853.1998;0.00;27.820
2318;1563729853.2049;3276.70;27.820
2319;1563729853.2099;3276.70;27.820
2320;1563729853.2148;3276.75;27.835
2321;1563729853.2198;3276.70;27.820
2322;1563729853.2248;3276.70;27.820
2323;1563729853.2299;0.00;27.825
2324;1563729853.2348;3276.75;27.850
2325;1563729853.2398;3276.75;27.850
2326;1563729853.2450;3276.70;27.845
2327;1563729853.2499;3276.75;27.845
2328;1563729853.2549;0.00;27.865
2329;1563729853.2598;3276.75;27.865
2330;1563729853.2648;3276.70;27.860
2331;1563729853.2698;3276.75;27.840
2332;1563729853.2749;3276.75;27.840
2333;1563729853.2799;3276.75;27.855
2334;1563729853.2848;3276.75;27.850
2335;1563729853.2898;3276.75;27.850
2336;1563729853.2949;3276.75;27.850
2337;1563729853.2999;3276.75;27.800
2338;1563729853.3049;3276.70;27.840
2339;1563729853.3098;3276.75;27.860
2340;1563729853.3148;3276.75;27.860
2341;1563729853.3199;3276.70;27.830
2342;1563729853.3250;0.00;27.870
2343;1563729853.3300;3276.75;27.870
2344;1563729853.3349;3276.75;27.840
2345;1563729853.3398;3276.75;27.830
2346;1563729853.3450;3276.70;27.860
2347;1563729853.3499;3276.75;27.860
2348;1563729853.3549;3276.75;27.830
2349;1563729853.3598;3276.75;27.825
2350;1563729853.3649;3276.75;27.825
2351;1563729853.3698;3276.75;27.830
2352;1563729853.3749;3276.75;27.855
2353;1563729853.3798;3276.75;27.870
2354;1563729853.3849;3276.75;27.870
2355;1563729853.3899;3276.75;27.885
2356;1563729853.3948;3276.75;27.835
2357;1563729853.3998;3276.75;27.835
2358;1563729853.4048;3276.75;27.845
2359;1563729853.4098;3276.75;27.830
2360;1563729853.4149;3276.75;27.825
2361;1563729853.4198;0.00;27.825
2362;1563729853.4248;0.00;27.835
2363;1563729853.4299;3276.75;27.835
2364;1563729853.4349;3276.75;27.835
2365;1563729853.4398;3276.75;27.835
2366;1563729853.4448;3276.75;27.835
2367;1563729853.4498;3276.75;27.860
2368;1563729853.4548;0.00;27.860
2369;1563729853.4599;3276.75;27.875
2370;1563729853.4650;3276.75;27.850
2371;1563729853.4699;3276.75;27.850
2372;1563729853.4750;3276.75;27.850
2373;1563729853.4800;3276.75;27.845
2374;1563729853.4850;3276.75;27.845
2375;1563729853.4903;3276.75;27.845
2376;1563729853.4949;3276.75;27.850
2377;1563729853.4999;3276.75;27.840
2378;1563729853.5048;3276.75;27.790
2379;1563729853.5098;3276.75;27.790
2380;1563729853.5148;3276.75;27.845
2381;1563729853.5198;3276.75;27.825
2382;1563729853.5248;3276.70;27.840
2383;1563729853.5298;3276.70;27.840
2384;1563729853.5348;3276.75;27.865
2385;1563729853.5398;3276.70;27.880
