0;1563727196.0594;0.00;25.480
1;1563727196.0644;0.00;25.475
2;1563727196.0694;0.05;25.540
3;1563727196.0744;0.05;25.510
4;1563727196.0794;0.00;25.510
5;1563727196.0843;0.00;25.515
6;1563727196.0893;0.05;25.510
7;1563727196.0942;0.00;25.510
8;1563727196.0993;0.05;25.490
9;1563727196.1044;0.00;25.540
10;1563727196.1093;0.05;25.520
11;1563727196.1144;0.00;25.520
12;1563727196.1193;0.00;25.470
13;1563727196.1244;0.00;25.505
14;1563727196.1294;0.05;25.545
15;1563727196.1344;0.00;25.545
16;1563727196.1394;0.00;25.490
17;1563727196.1443;0.00;25.520
18;1563727196.1494;0.00;25.520
19;1563727196.1544;0.00;25.535
20;1563727196.1594;0.05;25.525
21;1563727196.1644;0.05;25.580
22;1563727196.1694;0.00;25.580
23;1563727196.1744;0.00;25.540
24;1563727196.1794;0.00;25.540
25;1563727196.1844;0.00;25.540
26;1563727196.1894;0.00;25.540
27;1563727196.1944;0.05;25.550
28;1563727196.1995;0.00;25.560
29;1563727196.2043;0.00;25.560
30;1563727196.2094;0.05;25.540
31;1563727196.2142;0.00;25.560
32;1563727196.2194;0.00;25.540
33;1563727196.2244;0.00;25.540
34;1563727196.2293;0.00;25.550
35;1563727196.2344;0.05;25.540
36;1563727196.2394;0.00;25.540
37;1563727196.2443;0.10;25.555
38;1563727196.2494;0.00;25.565
39;1563727196.2544;0.05;25.540
40;1563727196.2593;0.00;25.540
41;1563727196.2644;0.05;25.580
42;1563727196.2694;0.00;25.580
43;1563727196.2744;0.05;25.580
44;1563727196.2794;0.05;25.550
45;1563727196.2844;0.00;25.520
46;1563727196.2895;0.00;25.555
47;1563727196.2944;0.05;25.555
48;1563727196.2993;0.05;25.560
49;1563727196.3045;0.05;25.555
50;1563727196.3095;0.00;25.560
51;1563727196.3144;0.00;25.560
52;1563727196.3194;0.00;25.570
53;1563727196.3244;0.05;25.560
54;1563727196.3295;0.05;25.560
55;1563727196.3343;0.05;25.570
56;1563727196.3393;0.05;25.580
57;1563727196.3444;0.05;25.565
58;1563727196.3493;0.05;25.565
59;1563727196.3544;0.00;25.570
60;1563727196.3593;0.00;25.565
61;1563727196.3643;0.05;25.565
62;1563727196.3693;0.00;25.585
63;1563727196.3743;0.00;25.580
64;1563727196.3794;0.00;25.600
65;1563727196.3843;0.05;25.600
66;1563727196.3895;0.00;25.580
67;1563727196.3944;0.00;25.560
68;1563727196.3994;0.00;25.590
69;1563727196.4044;0.00;25.590
70;1563727196.4095;0.00;25.590
71;1563727196.4143;0.00;25.585
72;1563727196.4194;0.00;25.585
73;1563727196.4244;0.00;25.600
74;1563727196.4294;0.05;25.580
75;1563727196.4344;0.00;25.570
76;1563727196.4393;0.00;25.570
77;1563727196.4443;0.00;25.595
78;1563727196.4493;0.05;25.585
79;1563727196.4542;0.00;25.585
80;1563727196.4593;0.00;25.575
81;1563727196.4643;0.00;25.550
82;1563727196.4694;0.00;25.575
83;1563727196.4743;0.05;25.575
84;1563727196.4793;-0.05;25.555
85;1563727196.4843;0.05;25.585
86;1563727196.4894;0.05;25.580
87;1563727196.4943;0.00;25.580
88;1563727196.4993;0.00;25.580
89;1563727196.5044;0.05;25.565
90;1563727196.5093;0.00;25.565
91;1563727196.5144;0.05;25.590
92;1563727196.5194;0.00;25.595
93;1563727196.5244;0.05;25.625
94;1563727196.5294;0.00;25.625
95;1563727196.5344;0.00;25.600
96;1563727196.5394;0.00;25.580
97;1563727196.5444;0.00;25.595
98;1563727196.5494;0.00;25.595
99;1563727196.5544;0.00;25.610
100;1563727196.5594;0.00;25.600
101;1563727196.5644;0.00;25.600
102;1563727196.5694;0.00;25.585
103;1563727196.5744;0.00;25.605
104;1563727196.5794;0.05;25.605
105;1563727196.5844;0.05;25.605
106;1563727196.5894;0.00;25.620
107;1563727196.5943;0.00;25.605
108;1563727196.5993;0.00;25.605
109;1563727196.6044;0.05;25.620
110;1563727196.6094;0.05;25.585
111;1563727196.6144;0.00;25.585
112;1563727196.6193;0.00;25.585
113;1563727196.6244;0.00;25.600
114;1563727196.6293;0.00;25.600
115;1563727196.6344;0.05;25.590
116;1563727196.6394;0.00;25.590
117;1563727196.6444;0.00;25.600
118;1563727196.6494;0.00;25.610
119;1563727196.6544;0.00;25.610
120;1563727196.6594;0.00;25.635
121;1563727196.6644;0.00;25.580
122;1563727196.6694;0.00;25.605
123;1563727196.6744;0.05;25.605
124;1563727196.6794;0.00;25.600
125;1563727196.6844;0.00;25.585
126;1563727196.6895;0.00;25.585
127;1563727196.6944;0.00;25.655
128;1563727196.6994;0.00;25.600
129;1563727196.7044;0.00;25.610
130;1563727196.7094;0.00;25.610
131;1563727196.7143;0.00;25.620
132;1563727196.7193;-0.05;25.580
133;1563727196.7243;0.05;25.595
134;1563727196.7293;0.00;25.595
135;1563727196.7343;0.05;25.620
136;1563727196.7393;0.05;25.605
137;1563727196.7443;0.05;25.605
138;1563727196.7494;0.00;25.600
139;1563727196.7545;0.00;25.610
140;1563727196.7595;0.00;25.580
141;1563727196.7645;0.00;25.580
142;1563727196.7694;0.05;25.580
143;1563727196.7745;0.00;25.590
144;1563727196.7794;0.05;25.590
145;1563727196.7844;0.00;25.625
146;1563727196.7894;0.00;25.600
147;1563727196.7944;0.00;25.630
148;1563727196.7994;0.05;25.630
149;1563727196.8044;0.00;25.630
150;1563727196.8094;0.00;25.625
151;1563727196.8144;0.00;25.600
152;1563727196.8194;0.00;25.600
153;1563727196.8244;0.00;25.645
154;1563727196.8294;0.00;25.615
155;1563727196.8343;0.00;25.615
156;1563727196.8393;0.00;25.600
157;1563727196.8443;0.00;25.625
158;1563727196.8493;0.00;25.640
159;1563727196.8542;0.00;25.640
160;1563727196.8593;0.00;25.620
161;1563727196.8644;0.00;25.625
162;1563727196.8694;0.00;25.625
163;1563727196.8744;0.00;25.605
164;1563727196.8793;0.00;25.600
165;1563727196.8843;0.00;25.640
166;1563727196.8895;0.00;25.640
167;1563727196.8944;0.00;25.635
168;1563727196.8993;0.00;25.610
169;1563727196.9045;0.00;25.605
170;1563727196.9095;-0.05;25.605
171;1563727196.9145;-0.05;25.650
172;1563727196.9194;0.00;25.600
173;1563727196.9244;0.00;25.600
174;1563727196.9295;-0.05;25.615
175;1563727196.9343;0.05;25.655
176;1563727196.9394;0.00;25.645
177;1563727196.9443;0.05;25.645
178;1563727196.9494;0.00;25.620
179;1563727196.9544;0.00;25.650
180;1563727196.9593;0.05;25.650
181;1563727196.9643;0.00;25.635
182;1563727196.9693;0.05;25.620
183;1563727196.9744;0.00;25.600
184;1563727196.9794;0.00;25.600
185;1563727196.9844;0.00;25.630
186;1563727196.9894;0.05;25.605
187;1563727196.9943;0.00;25.650
188;1563727196.9993;0.00;25.650
189;1563727197.0043;0.00;25.620
190;1563727197.0093;0.05;25.645
191;1563727197.0143;0.00;25.645
192;1563727197.0194;0.05;25.645
193;1563727197.0243;0.05;25.630
194;1563727197.0294;0.00;25.660
195;1563727197.0344;0.05;25.660
196;1563727197.0394;0.00;25.640
197;1563727197.0444;0.00;25.645
198;1563727197.0494;0.05;25.655
199;1563727197.0544;0.00;25.655
200;1563727197.0594;0.05;25.640
201;1563727197.0645;0.00;25.630
202;1563727197.0694;0.05;25.630
203;1563727197.0744;0.05;25.670
204;1563727197.0794;0.00;25.675
205;1563727197.0843;0.00;25.620
206;1563727197.0893;0.05;25.620
207;1563727197.0943;0.00;25.645
208;1563727197.0994;0.00;25.660
209;1563727197.1043;0.00;25.660
210;1563727197.1093;0.00;25.625
211;1563727197.1143;0.05;25.635
212;1563727197.1194;0.05;25.660
213;1563727197.1243;0.00;25.660
214;1563727197.1293;0.00;25.630
215;1563727197.1344;0.05;25.615
216;1563727197.1393;0.00;25.630
217;1563727197.1444;0.00;25.630
218;1563727197.1494;0.05;25.640
219;1563727197.1544;0.00;25.635
220;1563727197.1594;0.00;25.635
221;1563727197.1644;0.00;25.675
222;1563727197.1695;0.05;25.625
223;1563727197.1744;0.00;25.620
224;1563727197.1794;0.00;25.620
225;1563727197.1844;0.00;25.640
226;1563727197.1894;0.05;25.610
227;1563727197.1944;0.00;25.610
228;1563727197.1994;0.00;25.645
229;1563727197.2044;0.00;25.660
230;1563727197.2094;0.00;25.680
231;1563727197.2143;0.00;25.680
232;1563727197.2193;0.05;25.660
233;1563727197.2243;0.00;25.650
234;1563727197.2293;0.00;25.645
235;1563727197.2343;0.05;25.645
236;1563727197.2393;0.00;25.640
237;1563727197.2443;0.00;25.660
238;1563727197.2494;0.00;25.660
239;1563727197.2543;0.00;25.620
240;1563727197.2594;0.00;25.620
241;1563727197.2645;0.00;25.670
242;1563727197.2694;-0.05;25.670
243;1563727197.2744;0.00;25.655
244;1563727197.2795;0.00;25.660
245;1563727197.2844;0.00;25.660
246;1563727197.2894;0.00;25.680
247;1563727197.2945;0.05;25.660
248;1563727197.2995;0.00;25.670
249;1563727197.3044;0.00;25.670
250;1563727197.3094;0.00;25.640
251;1563727197.3144;0.00;25.670
252;1563727197.3193;0.05;25.665
253;1563727197.3244;0.05;25.665
254;1563727197.3294;0.00;25.620
255;1563727197.3343;0.05;25.680
256;1563727197.3393;0.00;25.680
257;1563727197.3443;0.00;25.675
258;1563727197.3493;0.00;25.645
259;1563727197.3543;0.00;25.645
260;1563727197.3593;0.00;25.645
261;1563727197.3643;0.00;25.640
262;1563727197.3694;0.00;25.650
263;1563727197.3743;0.00;25.650
264;1563727197.3794;0.00;25.640
265;1563727197.3843;0.00;25.640
266;1563727197.3894;-0.05;25.655
267;1563727197.3944;0.00;25.655
268;1563727197.3993;0.05;25.690
269;1563727197.4044;0.00;25.670
270;1563727197.4094;-0.05;25.680
271;1563727197.4144;0.00;25.680
272;1563727197.4193;0.05;25.675
273;1563727197.4244;0.05;25.645
274;1563727197.4295;0.00;25.645
275;1563727197.4345;0.00;25.665
276;1563727197.4393;0.00;25.645
277;1563727197.4443;0.00;25.680
278;1563727197.4494;0.05;25.680
279;1563727197.4543;0.00;25.680
280;1563727197.4593;0.05;25.670
281;1563727197.4643;0.00;25.680
282;1563727197.4693;0.05;25.680
283;1563727197.4743;0.00;25.690
284;1563727197.4793;0.00;25.640
285;1563727197.4844;0.00;25.640
286;1563727197.4894;0.05;25.670
287;1563727197.4944;0.05;25.660
288;1563727197.4994;0.05;25.685
289;1563727197.5044;0.00;25.685
290;1563727197.5095;0.05;25.655
291;1563727197.5144;0.05;25.655
292;1563727197.5195;0.00;25.655
293;1563727197.5244;0.00;25.670
294;1563727197.5294;0.00;25.665
295;1563727197.5344;0.05;25.660
296;1563727197.5395;0.00;25.660
297;1563727197.5443;0.00;25.680
298;1563727197.5495;0.05;25.695
299;1563727197.5545;0.00;25.715
300;1563727197.5594;0.05;25.715
301;1563727197.5645;0.00;25.670
302;1563727197.5694;0.00;25.690
303;1563727197.5743;0.00;25.690
304;1563727197.5793;0.00;25.665
305;1563727197.5843;0.00;25.690
306;1563727197.5893;0.00;25.665
307;1563727197.5944;0.05;25.665
308;1563727197.5994;0.05;25.675
309;1563727197.6043;0.00;25.685
310;1563727197.6093;0.00;25.685
311;1563727197.6143;0.05;25.665
312;1563727197.6194;0.00;25.660
313;1563727197.6244;0.00;25.675
314;1563727197.6294;0.00;25.675
315;1563727197.6343;0.00;25.685
316;1563727197.6393;0.00;25.660
317;1563727197.6445;0.05;25.645
318;1563727197.6494;0.00;25.645
319;1563727197.6544;0.05;25.680
320;1563727197.6594;0.05;25.675
321;1563727197.6645;0.05;25.675
322;1563727197.6694;0.00;25.690
323;1563727197.6745;0.05;25.680
324;1563727197.6793;0.05;25.655
325;1563727197.6848;0.00;25.655
326;1563727197.6895;0.00;25.665
327;1563727197.6944;0.00;25.660
328;1563727197.6993;0.00;25.660
329;1563727197.7043;0.05;25.655
330;1563727197.7094;0.05;25.690
331;1563727197.7143;0.00;25.660
332;1563727197.7192;-0.05;25.660
333;1563727197.7244;0.00;25.675
334;1563727197.7293;0.00;25.670
335;1563727197.7343;0.00;25.675
336;1563727197.7393;0.00;25.675
337;1563727197.7443;0.05;25.685
338;1563727197.7493;0.05;25.695
339;1563727197.7544;0.00;25.695
340;1563727197.7594;0.00;25.660
341;1563727197.7644;0.00;25.670
342;1563727197.7694;0.05;25.675
343;1563727197.7745;0.00;25.675
344;1563727197.7794;0.00;25.675
345;1563727197.7844;0.00;25.680
346;1563727197.7894;0.05;25.680
347;1563727197.7945;0.00;25.680
348;1563727197.7994;0.00;25.680
349;1563727197.8045;0.00;25.685
350;1563727197.8094;0.00;25.685
351;1563727197.8143;0.00;25.710
352;1563727197.8194;-0.05;25.695
353;1563727197.8244;0.00;25.695
354;1563727197.8293;0.00;25.695
355;1563727197.8342;0.00;25.700
356;1563727197.8393;0.00;25.675
357;1563727197.8444;0.00;25.675
358;1563727197.8493;0.00;25.685
359;1563727197.8543;0.05;25.680
360;1563727197.8593;0.05;25.680
361;1563727197.8643;0.05;25.680
362;1563727197.8693;0.00;25.660
363;1563727197.8744;0.00;25.665
364;1563727197.8793;0.05;25.665
365;1563727197.8844;0.05;25.650
366;1563727197.8894;0.00;25.690
367;1563727197.8944;0.05;25.680
368;1563727197.8995;0.00;25.680
369;1563727197.9045;0.00;25.670
370;1563727197.9094;0.00;25.700
371;1563727197.9145;0.00;25.675
372;1563727197.9194;0.05;25.675
373;1563727197.9245;0.00;25.675
374;1563727197.9293;0.05;25.680
375;1563727197.9345;0.00;25.680
376;1563727197.9394;0.00;25.700
377;1563727197.9443;0.05;25.645
378;1563727197.9493;0.05;25.690
379;1563727197.9544;0.00;25.690
380;1563727197.9593;0.05;25.690
381;1563727197.9643;0.05;25.665
382;1563727197.9693;0.05;25.680
383;1563727197.9743;0.05;25.680
384;1563727197.9794;0.00;25.695
385;1563727197.9843;0.00;25.680
386;1563727197.9893;0.05;25.680
387;1563727197.9944;0.05;25.675
388;1563727197.9993;0.00;25.680
389;1563727198.0044;0.00;25.685
390;1563727198.0094;0.00;25.685
391;1563727198.0143;0.00;25.700
392;1563727198.0193;0.05;25.720
393;1563727198.0244;0.05;25.720
394;1563727198.0293;0.05;25.715
395;1563727198.0343;0.00;25.685
396;1563727198.0394;0.00;25.710
397;1563727198.0444;-0.05;25.710
398;1563727198.0495;-0.05;25.700
399;1563727198.0545;0.00;25.735
400;1563727198.0595;0.00;25.680
401;1563727198.0644;0.00;25.680
402;1563727198.0694;0.00;25.670
403;1563727198.0745;0.00;25.705
404;1563727198.0795;0.00;25.705
405;1563727198.0844;0.00;25.695
406;1563727198.0894;-0.05;25.700
407;1563727198.0943;0.00;25.700
408;1563727198.0994;0.00;25.700
409;1563727198.1043;0.00;25.650
410;1563727198.1093;0.00;25.675
411;1563727198.1143;-0.05;25.675
412;1563727198.1193;0.00;25.670
413;1563727198.1243;-0.05;25.690
414;1563727198.1293;0.05;25.680
415;1563727198.1344;0.00;25.680
416;1563727198.1393;0.00;25.680
417;1563727198.1443;0.00;25.720
418;1563727198.1494;-0.05;25.670
419;1563727198.1544;0.00;25.670
420;1563727198.1595;0.00;25.670
421;1563727198.1643;0.00;25.715
422;1563727198.1694;0.00;25.715
423;1563727198.1744;0.00;25.695
424;1563727198.1794;0.00;25.705
425;1563727198.1843;0.05;25.705
426;1563727198.1894;0.00;25.705
427;1563727198.1943;0.00;25.685
428;1563727198.1994;0.00;25.700
429;1563727198.2043;0.00;25.700
430;1563727198.2093;0.00;25.665
431;1563727198.2143;0.00;25.730
432;1563727198.2193;-0.05;25.680
433;1563727198.2243;0.00;25.680
434;1563727198.2293;0.00;25.740
435;1563727198.2343;0.00;25.670
436;1563727198.2394;0.00;25.660
437;1563727198.2443;0.00;25.660
438;1563727198.2494;0.00;25.685
439;1563727198.2543;0.00;25.705
440;1563727198.2594;0.05;25.705
441;1563727198.2643;0.00;25.720
442;1563727198.2694;0.00;25.700
443;1563727198.2744;0.00;25.720
444;1563727198.2794;-0.05;25.720
445;1563727198.2844;0.00;25.665
446;1563727198.2894;0.00;25.670
447;1563727198.2943;0.05;25.670
448;1563727198.2994;0.00;25.710
449;1563727198.3043;0.00;25.695
450;1563727198.3094;0.00;25.720
451;1563727198.3143;0.00;25.720
452;1563727198.3194;0.00;25.710
453;1563727198.3243;0.00;25.715
454;1563727198.3293;0.00;25.700
455;1563727198.3343;0.00;25.700
456;1563727198.3393;0.05;25.695
457;1563727198.3444;0.00;25.665
458;1563727198.3493;0.00;25.665
459;1563727198.3543;-0.05;25.705
460;1563727198.3593;0.00;25.715
461;1563727198.3644;-0.05;25.725
462;1563727198.3693;0.05;25.725
463;1563727198.3744;0.00;25.670
464;1563727198.3794;-0.05;25.690
465;1563727198.3844;0.00;25.690
466;1563727198.3894;0.10;25.700
467;1563727198.3943;0.05;25.700
468;1563727198.3994;0.10;25.720
469;1563727198.4044;0.05;25.720
470;1563727198.4094;0.00;25.700
471;1563727198.4144;0.00;25.695
472;1563727198.4194;0.05;25.725
473;1563727198.4244;0.05;25.725
474;1563727198.4294;0.00;25.705
475;1563727198.4343;0.15;25.690
476;1563727198.4394;0.00;25.690
477;1563727198.4444;0.15;25.755
478;1563727198.4493;0.05;25.700
479;1563727198.4543;0.15;25.690
480;1563727198.4593;0.10;25.690
481;1563727198.4643;0.15;25.680
482;1563727198.4693;0.15;25.720
483;1563727198.4743;0.10;25.705
484;1563727198.4794;0.10;25.705
485;1563727198.4843;0.10;25.680
486;1563727198.4893;0.05;25.705
487;1563727198.4943;0.00;25.705
488;1563727198.4993;0.00;25.700
489;1563727198.5044;0.05;25.665
490;1563727198.5093;0.00;25.685
491;1563727198.5144;0.05;25.685
492;1563727198.5193;0.05;25.695
493;1563727198.5244;0.05;25.710
494;1563727198.5294;0.05;25.710
495;1563727198.5344;0.10;25.685
496;1563727198.5395;0.10;25.710
497;1563727198.5444;0.10;25.715
498;1563727198.5495;0.05;25.715
499;1563727198.5545;0.00;25.715
500;1563727198.5594;0.05;25.700
501;1563727198.5645;0.00;25.660
502;1563727198.5694;0.00;25.660
503;1563727198.5744;-0.05;25.725
504;1563727198.5793;0.00;25.665
505;1563727198.5843;0.00;25.665
506;1563727198.5893;0.05;25.730
507;1563727198.5944;0.00;25.685
508;1563727198.5993;0.00;25.750
509;1563727198.6043;0.00;25.750
510;1563727198.6093;0.00;25.700
511;1563727198.6144;0.05;25.740
512;1563727198.6194;0.00;25.740
513;1563727198.6244;0.00;25.700
514;1563727198.6293;-0.05;25.730
515;1563727198.6344;-0.05;25.730
516;1563727198.6394;0.00;25.730
517;1563727198.6445;0.00;25.700
518;1563727198.6494;0.00;25.675
519;1563727198.6545;0.10;25.755
520;1563727198.6594;0.05;25.755
521;1563727198.6644;0.05;25.755
522;1563727198.6695;0.10;25.685
523;1563727198.6744;0.05;25.685
524;1563727198.6793;0.10;25.700
525;1563727198.6844;0.10;25.700
526;1563727198.6894;0.20;25.680
527;1563727198.6944;0.25;25.680
528;1563727198.6994;0.05;25.710
529;1563727198.7045;0.00;25.700
530;1563727198.7094;0.05;25.700
531;1563727198.7143;-0.10;25.730
532;1563727198.7193;-0.20;25.705
533;1563727198.7243;-0.35;25.715
534;1563727198.7293;-0.25;25.715
535;1563727198.7343;-0.20;25.695
536;1563727198.7393;0.00;25.720
537;1563727198.7444;0.05;25.720
538;1563727198.7494;0.00;25.720
539;1563727198.7544;0.05;25.695
540;1563727198.7594;0.00;25.725
541;1563727198.7644;0.05;25.725
542;1563727198.7694;0.00;25.690
543;1563727198.7744;0.05;25.700
544;1563727198.7795;0.00;25.680
545;1563727198.7844;0.00;25.680
546;1563727198.7894;-0.05;25.690
547;1563727198.7945;0.00;25.720
548;1563727198.7995;-0.05;25.720
549;1563727198.8045;0.00;25.710
550;1563727198.8095;0.00;25.720
551;1563727198.8145;0.00;25.705
552;1563727198.8194;0.00;25.705
553;1563727198.8243;0.00;25.700
554;1563727198.8294;0.00;25.710
555;1563727198.8343;0.00;25.710
556;1563727198.8393;0.00;25.710
557;1563727198.8444;0.10;25.705
558;1563727198.8495;0.05;25.745
559;1563727198.8543;0.10;25.745
560;1563727198.8593;0.10;25.770
561;1563727198.8643;0.05;25.685
562;1563727198.8693;0.10;25.715
563;1563727198.8743;0.00;25.715
564;1563727198.8793;0.10;25.695
565;1563727198.8844;0.05;25.750
566;1563727198.8894;0.00;25.715
567;1563727198.8944;0.05;25.715
568;1563727198.8993;0.05;25.700
569;1563727198.9043;0.05;25.685
570;1563727198.9094;0.00;25.685
571;1563727198.9143;0.05;25.715
572;1563727198.9193;0.00;25.740
573;1563727198.9244;0.00;25.735
574;1563727198.9294;0.00;25.735
575;1563727198.9343;0.00;25.745
576;1563727198.9394;0.00;25.725
577;1563727198.9443;0.00;25.725
578;1563727198.9495;0.00;25.695
579;1563727198.9543;-0.05;25.745
580;1563727198.9592;0.00;25.720
581;1563727198.9643;0.00;25.720
582;1563727198.9694;0.05;25.740
583;1563727198.9743;0.00;25.705
584;1563727198.9793;0.00;25.730
585;1563727198.9844;0.05;25.730
586;1563727198.9895;0.00;25.700
587;1563727198.9944;0.00;25.740
588;1563727198.9993;-0.05;25.740
589;1563727199.0043;0.00;25.725
590;1563727199.0093;-0.05;25.715
591;1563727199.0144;-0.05;25.715
592;1563727199.0194;-0.05;25.715
593;1563727199.0243;-0.05;25.715
594;1563727199.0293;-0.05;25.735
595;1563727199.0344;-0.05;25.735
596;1563727199.0393;0.00;25.730
597;1563727199.0444;0.00;25.700
598;1563727199.0494;0.05;25.740
599;1563727199.0543;-0.05;25.740
600;1563727199.0595;0.00;25.720
601;1563727199.0645;-0.05;25.730
602;1563727199.0695;-0.05;25.725
603;1563727199.0744;-0.05;25.725
604;1563727199.0793;-0.05;25.720
605;1563727199.0843;-0.05;25.720
606;1563727199.0893;-0.05;25.720
607;1563727199.0944;-0.10;25.720
608;1563727199.0994;-0.05;25.730
609;1563727199.1043;-0.05;25.725
610;1563727199.1093;-0.05;25.725
611;1563727199.1143;0.00;25.765
612;1563727199.1193;-0.05;25.720
613;1563727199.1244;0.00;25.720
614;1563727199.1293;0.00;25.765
615;1563727199.1344;0.00;25.740
616;1563727199.1394;0.05;25.755
617;1563727199.1444;0.00;25.755
618;1563727199.1494;0.00;25.700
619;1563727199.1544;-0.05;25.740
620;1563727199.1593;-0.05;25.715
621;1563727199.1644;-0.05;25.715
622;1563727199.1694;-0.05;25.720
623;1563727199.1744;-0.10;25.750
624;1563727199.1795;-0.05;25.750
625;1563727199.1844;0.00;25.700
626;1563727199.1894;0.00;25.745
627;1563727199.1945;0.00;25.775
628;1563727199.1995;0.00;25.775
629;1563727199.2044;0.00;25.705
630;1563727199.2094;0.00;25.745
631;1563727199.2143;0.05;25.745
632;1563727199.2192;0.05;25.740
633;1563727199.2243;0.05;25.740
634;1563727199.2294;0.00;25.730
635;1563727199.2343;0.00;25.730
636;1563727199.2393;-0.05;25.765
637;1563727199.2443;-0.05;25.745
638;1563727199.2494;-0.05;25.740
639;1563727199.2544;0.00;25.740
640;1563727199.2594;0.00;25.730
641;1563727199.2644;0.00;25.720
642;1563727199.2694;-0.10;25.720
643;1563727199.2744;-0.05;25.755
644;1563727199.2794;-0.05;25.710
645;1563727199.2844;-0.05;25.745
646;1563727199.2894;0.00;25.745
647;1563727199.2944;0.00;25.740
648;1563727199.2994;0.00;25.745
649;1563727199.3044;-0.05;25.730
650;1563727199.3094;-0.05;25.730
651;1563727199.3145;0.00;25.745
652;1563727199.3195;-0.05;25.740
653;1563727199.3244;-0.05;25.740
654;1563727199.3294;-0.05;25.780
655;1563727199.3343;-0.05;25.700
656;1563727199.3393;0.00;25.755
657;1563727199.3444;0.00;25.755
658;1563727199.3494;0.00;25.760
659;1563727199.3543;0.00;25.730
660;1563727199.3593;0.05;25.730
661;1563727199.3643;0.00;25.775
662;1563727199.3694;0.00;25.745
663;1563727199.3745;0.05;25.770
664;1563727199.3794;0.00;25.770
665;1563727199.3843;0.05;25.755
666;1563727199.3894;0.00;25.755
667;1563727199.3943;0.00;25.715
668;1563727199.3994;0.00;25.715
669;1563727199.4045;0.05;25.735
670;1563727199.4094;0.00;25.745
671;1563727199.4143;0.00;25.745
672;1563727199.4195;0.00;25.740
673;1563727199.4245;0.00;25.760
674;1563727199.4295;0.00;25.755
675;1563727199.4344;-0.05;25.755
676;1563727199.4393;0.00;25.775
677;1563727199.4443;0.00;25.755
678;1563727199.4493;0.00;25.755
679;1563727199.4543;0.05;25.725
680;1563727199.4593;0.00;25.735
681;1563727199.4643;0.05;25.755
682;1563727199.4693;0.05;25.755
683;1563727199.4743;0.00;25.775
684;1563727199.4793;0.05;25.795
685;1563727199.4844;0.05;25.775
686;1563727199.4894;0.00;25.775
687;1563727199.4944;0.05;25.745
688;1563727199.4995;0.00;25.755
689;1563727199.5045;0.00;25.755
690;1563727199.5093;0.00;25.770
691;1563727199.5143;0.00;25.775
692;1563727199.5194;0.05;25.755
693;1563727199.5244;0.00;25.755
694;1563727199.5294;0.00;25.750
695;1563727199.5344;0.05;25.765
696;1563727199.5394;0.05;25.765
697;1563727199.5444;0.00;25.740
698;1563727199.5495;0.00;25.760
699;1563727199.5544;0.00;25.760
700;1563727199.5594;0.00;25.760
701;1563727199.5645;-0.05;25.745
702;1563727199.5694;0.00;25.765
703;1563727199.5744;0.05;25.730
704;1563727199.5794;0.00;25.730
705;1563727199.5843;0.05;25.750
706;1563727199.5894;0.00;25.780
707;1563727199.5944;0.00;25.780
708;1563727199.5994;0.05;25.770
709;1563727199.6043;0.00;25.770
710;1563727199.6095;0.05;25.735
711;1563727199.6143;0.05;25.735
712;1563727199.6194;0.05;25.730
713;1563727199.6243;0.00;25.775
714;1563727199.6294;0.05;25.775
715;1563727199.6344;0.05;25.760
716;1563727199.6394;0.00;25.785
717;1563727199.6444;0.05;25.760
718;1563727199.6494;0.05;25.760
719;1563727199.6544;0.05;25.765
720;1563727199.6594;0.00;25.770
721;1563727199.6645;0.00;25.775
722;1563727199.6694;0.00;25.775
723;1563727199.6745;0.05;25.765
724;1563727199.6795;0.00;25.785
725;1563727199.6844;0.00;25.785
726;1563727199.6895;0.00;25.775
727;1563727199.6943;0.00;25.785
728;1563727199.6995;0.05;25.775
729;1563727199.7043;0.10;25.775
730;1563727199.7094;0.10;25.775
731;1563727199.7143;0.05;25.775
732;1563727199.7194;0.05;25.775
733;1563727199.7243;0.00;25.775
734;1563727199.7294;0.00;25.775
735;1563727199.7344;0.05;25.795
736;1563727199.7393;-0.05;25.795
737;1563727199.7444;-0.05;25.780
738;1563727199.7494;0.00;25.755
739;1563727199.7544;-0.05;25.805
740;1563727199.7594;-0.05;25.805
741;1563727199.7643;0.00;25.795
742;1563727199.7694;0.00;25.780
743;1563727199.7745;0.00;25.780
744;1563727199.7795;0.00;25.795
745;1563727199.7844;0.00;25.775
746;1563727199.7894;0.00;25.795
747;1563727199.7945;0.00;25.795
748;1563727199.7994;-0.05;25.795
749;1563727199.8044;0.00;25.795
750;1563727199.8094;0.00;25.785
751;1563727199.8144;0.00;25.785
752;1563727199.8195;0.00;25.815
753;1563727199.8244;0.00;25.800
754;1563727199.8294;0.05;25.800
755;1563727199.8344;0.00;25.775
756;1563727199.8393;-0.05;25.775
757;1563727199.8443;-0.05;25.830
758;1563727199.8493;0.00;25.830
759;1563727199.8543;0.00;25.760
760;1563727199.8593;0.05;25.780
761;1563727199.8643;0.00;25.780
762;1563727199.8693;0.00;25.830
763;1563727199.8743;0.00;25.790
764;1563727199.8794;0.00;25.800
765;1563727199.8843;0.00;25.800
766;1563727199.8894;0.00;25.810
767;1563727199.8944;0.00;25.795
768;1563727199.8994;0.00;25.780
769;1563727199.9043;0.00;25.780
770;1563727199.9094;-0.05;25.780
771;1563727199.9143;0.00;25.835
772;1563727199.9194;0.00;25.835
773;1563727199.9244;0.00;25.795
774;1563727199.9294;0.00;25.775
775;1563727199.9345;0.00;25.795
776;1563727199.9394;0.05;25.795
777;1563727199.9445;0.05;25.790
778;1563727199.9494;0.00;25.775
779;1563727199.9543;0.00;25.775
780;1563727199.9592;0.05;25.830
781;1563727199.9643;0.05;25.795
782;1563727199.9693;0.00;25.810
783;1563727199.9743;0.05;25.810
784;1563727199.9793;0.00;25.845
785;1563727199.9843;0.05;25.815
786;1563727199.9895;0.00;25.815
787;1563727199.9944;0.00;25.815
788;1563727199.9993;-0.05;25.790
789;1563727200.0043;0.05;25.795
790;1563727200.0093;0.00;25.795
791;1563727200.0144;0.00;25.810
792;1563727200.0194;0.00;25.795
793;1563727200.0244;0.00;25.830
794;1563727200.0294;0.05;25.830
795;1563727200.0344;0.05;25.810
796;1563727200.0394;0.00;25.850
797;1563727200.0445;0.05;25.850
798;1563727200.0494;0.00;25.800
799;1563727200.0545;0.05;25.805
800;1563727200.0594;0.00;25.805
801;1563727200.0644;0.00;25.805
802;1563727200.0694;0.00;25.795
803;1563727200.0744;0.00;25.815
804;1563727200.0793;0.00;25.825
805;1563727200.0843;0.00;25.825
806;1563727200.0897;0.00;25.815
807;1563727200.0943;0.00;25.805
808;1563727200.0994;0.00;25.805
809;1563727200.1043;0.00;25.830
810;1563727200.1093;0.05;25.790
811;1563727200.1143;0.00;25.820
812;1563727200.1194;0.00;25.820
813;1563727200.1243;0.05;25.810
814;1563727200.1294;0.00;25.840
815;1563727200.1344;0.00;25.840
816;1563727200.1394;0.05;25.850
817;1563727200.1444;0.00;25.845
818;1563727200.1495;0.00;25.820
819;1563727200.1545;0.00;25.820
820;1563727200.1594;0.00;25.805
821;1563727200.1645;0.00;25.815
822;1563727200.1694;0.05;25.830
823;1563727200.1744;0.00;25.830
824;1563727200.1795;0.05;25.835
825;1563727200.1845;0.05;25.835
826;1563727200.1893;0.00;25.835
827;1563727200.1944;0.00;25.830
828;1563727200.1994;0.00;25.805
829;1563727200.2044;0.00;25.835
830;1563727200.2095;-0.05;25.835
831;1563727200.2143;0.00;25.875
832;1563727200.2193;0.05;25.820
833;1563727200.2244;0.05;25.820
834;1563727200.2293;-0.05;25.820
835;1563727200.2343;0.00;25.815
836;1563727200.2393;0.05;25.825
837;1563727200.2443;0.05;25.825
838;1563727200.2494;0.00;25.845
839;1563727200.2544;0.10;25.830
840;1563727200.2594;0.05;25.845
841;1563727200.2644;0.05;25.845
842;1563727200.2694;0.00;25.875
843;1563727200.2744;0.00;25.835
844;1563727200.2794;0.05;25.835
845;1563727200.2844;-0.05;25.845
846;1563727200.2894;0.00;25.835
847;1563727200.2944;0.00;25.835
848;1563727200.2993;0.00;25.835
849;1563727200.3044;0.00;25.835
850;1563727200.3094;0.00;25.790
851;1563727200.3145;0.00;25.825
852;1563727200.3194;-0.05;25.825
853;1563727200.3245;0.05;25.870
854;1563727200.3293;0.00;25.845
855;1563727200.3343;0.05;25.845
856;1563727200.3393;0.00;25.855
857;1563727200.3443;0.05;25.835
858;1563727200.3494;-0.05;25.830
859;1563727200.3543;0.05;25.830
860;1563727200.3593;0.00;25.875
861;1563727200.3644;0.00;25.835
862;1563727200.3694;0.00;25.835
863;1563727200.3744;0.00;25.855
864;1563727200.3793;0.05;25.855
865;1563727200.3844;0.00;25.840
866;1563727200.3895;0.05;25.840
867;1563727200.3944;0.00;25.860
868;1563727200.3994;0.00;25.825
869;1563727200.4045;0.05;25.855
870;1563727200.4095;0.00;25.855
871;1563727200.4144;0.05;25.865
872;1563727200.4194;0.00;25.875
873;1563727200.4244;0.05;25.875
874;1563727200.4294;0.00;25.865
875;1563727200.4344;0.00;25.875
876;1563727200.4393;0.00;25.895
877;1563727200.4444;0.00;25.895
878;1563727200.4493;0.00;25.880
879;1563727200.4543;0.05;25.860
880;1563727200.4593;0.00;25.860
881;1563727200.4643;0.05;25.855
882;1563727200.4693;0.00;25.895
883;1563727200.4744;0.05;25.855
884;1563727200.4793;0.00;25.855
885;1563727200.4844;0.00;25.870
886;1563727200.4893;0.00;25.850
887;1563727200.4943;0.05;25.855
888;1563727200.4993;0.05;25.855
889;1563727200.5044;0.00;25.865
890;1563727200.5094;0.05;25.895
891;1563727200.5144;0.05;25.895
892;1563727200.5194;0.05;25.845
893;1563727200.5244;0.05;25.910
894;1563727200.5295;0.05;25.885
895;1563727200.5344;-0.05;25.885
896;1563727200.5395;0.00;25.845
897;1563727200.5444;0.00;25.860
898;1563727200.5494;0.00;25.860
899;1563727200.5543;0.00;25.875
900;1563727200.5594;0.00;25.890
901;1563727200.5643;0.00;25.845
902;1563727200.5695;0.05;25.845
903;1563727200.5744;0.00;25.895
904;1563727200.5793;0.05;25.875
905;1563727200.5843;0.00;25.890
906;1563727200.5893;0.05;25.890
907;1563727200.5943;0.00;25.925
908;1563727200.5993;0.00;25.895
909;1563727200.6043;0.05;25.895
910;1563727200.6093;0.00;25.865
911;1563727200.6143;-0.05;25.850
912;1563727200.6194;0.00;25.910
913;1563727200.6244;0.00;25.910
914;1563727200.6294;0.05;25.905
915;1563727200.6343;0.05;25.880
916;1563727200.6394;0.00;25.880
917;1563727200.6444;0.05;25.880
918;1563727200.6494;0.00;25.880
919;1563727200.6544;0.05;25.920
920;1563727200.6595;0.00;25.920
921;1563727200.6644;0.00;25.880
922;1563727200.6694;0.00;25.915
923;1563727200.6744;0.00;25.910
924;1563727200.6794;0.00;25.910
925;1563727200.6843;0.05;25.875
926;1563727200.6893;0.00;25.910
927;1563727200.6942;0.00;25.910
928;1563727200.6993;0.00;25.865
929;1563727200.7042;0.00;25.915
930;1563727200.7093;0.05;25.890
931;1563727200.7143;0.00;25.890
932;1563727200.7192;0.00;25.895
933;1563727200.7242;0.00;25.870
934;1563727200.7293;0.00;25.875
935;1563727200.7343;0.05;25.875
936;1563727200.7393;0.00;25.920
937;1563727200.7443;0.00;25.895
938;1563727200.7493;0.00;25.895
939;1563727200.7543;-0.05;25.905
940;1563727200.7592;0.05;25.935
941;1563727200.7642;0.00;25.895
942;1563727200.7693;0.00;25.895
943;1563727200.7743;0.05;25.905
944;1563727200.7792;0.00;25.920
945;1563727200.7842;0.05;25.920
946;1563727200.7893;0.00;25.930
947;1563727200.7943;0.00;25.915
948;1563727200.7993;0.05;25.915
949;1563727200.8043;0.00;25.915
950;1563727200.8093;0.00;25.890
951;1563727200.8142;0.00;25.925
952;1563727200.8193;0.00;25.925
953;1563727200.8243;0.00;25.925
954;1563727200.8293;0.00;25.930
955;1563727200.8343;0.05;25.915
956;1563727200.8393;0.05;25.915
957;1563727200.8443;0.05;25.910
958;1563727200.8493;0.05;25.915
959;1563727200.8543;0.05;25.935
960;1563727200.8594;0.00;25.935
961;1563727200.8643;0.05;25.935
962;1563727200.8694;0.00;25.940
963;1563727200.8744;0.00;25.940
964;1563727200.8793;-0.05;25.935
965;1563727200.8844;-0.05;25.965
966;1563727200.8894;0.00;25.905
967;1563727200.8943;0.00;25.905
968;1563727200.8993;0.00;25.935
969;1563727200.9044;0.00;25.940
970;1563727200.9094;0.00;25.925
971;1563727200.9143;0.00;25.925
972;1563727200.9194;0.05;25.950
973;1563727200.9244;0.05;25.950
974;1563727200.9294;0.00;25.950
975;1563727200.9344;0.00;25.940
976;1563727200.9394;0.00;25.945
977;1563727200.9443;0.00;25.950
978;1563727200.9493;0.00;25.950
979;1563727200.9544;0.00;25.905
980;1563727200.9593;0.05;25.945
981;1563727200.9643;0.00;25.945
982;1563727200.9693;0.00;25.955
983;1563727200.9743;0.00;25.940
984;1563727200.9794;0.00;25.915
985;1563727200.9843;0.00;25.915
986;1563727200.9893;0.00;25.930
987;1563727200.9943;0.05;25.910
988;1563727200.9993;0.05;25.945
989;1563727201.0043;0.05;25.945
990;1563727201.0093;0.00;25.970
991;1563727201.0143;0.00;25.965
992;1563727201.0194;0.05;25.965
993;1563727201.0243;0.00;25.930
994;1563727201.0293;-0.05;25.975
995;1563727201.0344;0.00;25.945
996;1563727201.0393;0.00;25.945
997;1563727201.0443;0.00;25.960
998;1563727201.0494;0.00;25.995
999;1563727201.0544;0.05;25.995
1000;1563727201.0594;0.05;25.945
1001;1563727201.0644;0.00;25.945
1002;1563727201.0694;0.00;25.965
1003;1563727201.0745;0.00;25.965
1004;1563727201.0795;0.00;25.955
1005;1563727201.0843;0.00;25.995
1006;1563727201.0894;0.00;25.940
1007;1563727201.0943;0.05;25.940
1008;1563727201.0992;0.00;25.955
1009;1563727201.1042;-0.05;25.940
1010;1563727201.1093;0.00;25.940
1011;1563727201.1143;0.00;25.995
1012;1563727201.1193;0.00;25.955
1013;1563727201.1243;0.05;25.955
1014;1563727201.1293;0.00;25.955
1015;1563727201.1342;0.05;25.965
1016;1563727201.1392;0.05;25.965
1017;1563727201.1442;0.00;25.955
1018;1563727201.1493;0.00;25.955
1019;1563727201.1542;0.00;25.975
1020;1563727201.1592;0.00;25.975
1021;1563727201.1643;0.00;25.975
1022;1563727201.1693;0.00;25.975
1023;1563727201.1743;0.00;25.955
1024;1563727201.1792;0.00;25.965
1025;1563727201.1843;0.00;25.965
1026;1563727201.1893;0.00;25.975
1027;1563727201.1942;0.05;25.970
1028;1563727201.1993;0.00;25.970
1029;1563727201.2042;0.00;25.940
1030;1563727201.2093;0.00;25.990
1031;1563727201.2143;0.05;25.975
1032;1563727201.2192;0.05;25.975
1033;1563727201.2243;0.00;25.975
1034;1563727201.2293;0.05;25.995
1035;1563727201.2343;0.00;26.000
1036;1563727201.2392;0.00;26.000
1037;1563727201.2442;0.00;25.965
1038;1563727201.2493;0.00;25.995
1039;1563727201.2544;0.05;25.995
1040;1563727201.2594;-0.05;26.005
1041;1563727201.2643;-0.05;25.990
1042;1563727201.2693;0.00;26.000
1043;1563727201.2743;0.05;26.000
1044;1563727201.2794;0.00;25.995
1045;1563727201.2843;0.00;25.995
1046;1563727201.2894;0.00;25.995
1047;1563727201.2944;0.00;25.985
1048;1563727201.2994;0.05;25.975
1049;1563727201.3044;0.00;26.015
1050;1563727201.3093;0.00;26.015
1051;1563727201.3144;0.00;25.985
1052;1563727201.3194;0.00;25.995
1053;1563727201.3244;0.00;25.970
1054;1563727201.3294;0.00;25.970
1055;1563727201.3343;0.05;26.015
1056;1563727201.3393;0.00;26.015
1057;1563727201.3444;0.05;26.015
1058;1563727201.3494;0.00;25.995
1059;1563727201.3543;0.00;26.020
1060;1563727201.3593;0.00;25.995
1061;1563727201.3643;0.00;25.995
1062;1563727201.3693;0.00;26.000
1063;1563727201.3743;0.00;26.005
1064;1563727201.3793;0.00;26.005
1065;1563727201.3844;0.00;26.010
1066;1563727201.3894;0.00;25.995
1067;1563727201.3943;0.00;26.005
1068;1563727201.3994;0.00;26.005
1069;1563727201.4044;0.05;26.035
1070;1563727201.4094;0.05;26.015
1071;1563727201.4144;0.00;26.030
1072;1563727201.4194;0.00;26.030
1073;1563727201.4244;0.00;26.035
