0;1563730810.5830;-0.10;27.380;255;254;157;21;100;231;0;60;57
1;1563730810.5880;-0.05;27.365;255;255;172;21;97;18;0;60;57
2;1563730810.5930;-0.10;27.370;255;254;157;21;98;65;0;60;57
3;1563730810.5980;-0.05;27.380;255;255;172;21;100;231;0;60;57
4;1563730810.6030;-0.05;27.380;255;255;172;21;100;231;0;60;57
5;1563730810.6080;-0.05;27.350;255;255;172;21;94;249;0;60;57
6;1563730810.6130;-0.10;27.380;255;254;157;21;100;231;0;60;57
7;1563730810.6180;-0.05;27.355;255;255;172;21;95;200;0;60;57
8;1563730810.6230;-0.05;27.355;255;255;172;21;95;200;0;60;57
9;1563730810.6280;-0.05;27.360;255;255;172;21;96;35;0;60;57
10;1563730810.6330;-0.05;27.385;255;255;172;21;101;214;0;60;57
11;1563730810.6380;-0.05;27.385;255;255;172;21;101;214;0;60;57
12;1563730810.6430;0.00;27.335;0;0;129;21;91;12;0;60;57
13;1563730810.6480;-0.05;27.360;255;255;172;21;96;35;0;60;57
14;1563730810.6530;-0.05;27.365;255;255;172;21;97;18;0;60;57
15;1563730810.6581;-0.10;27.365;255;254;157;21;97;18;0;60;57
16;1563730810.6630;-0.05;27.340;255;255;172;21;92;155;0;60;57
17;1563730810.6680;-0.10;27.370;255;254;157;21;98;65;0;60;57
18;1563730810.6730;-0.05;27.370;255;255;172;21;98;65;0;60;57
19;1563730810.6780;-0.05;27.375;255;255;172;21;99;112;0;60;57
20;1563730810.6830;-0.05;27.350;255;255;172;21;94;249;0;60;57
21;1563730810.6880;-0.05;27.350;255;255;172;21;94;249;0;60;57
22;1563730810.6930;0.00;27.350;0;0;129;21;94;249;0;60;57
23;1563730810.6980;-0.05;27.360;255;255;172;21;96;35;0;60;57
24;1563730810.7031;0.00;27.365;0;0;129;21;97;18;0;60;57
25;1563730810.7081;-0.05;27.345;255;255;172;21;93;170;0;60;57
26;1563730810.7132;-0.05;27.345;255;255;172;21;93;170;0;60;57
27;1563730810.7181;-0.05;27.320;255;255;172;21;88;95;0;60;57
28;1563730810.7231;-0.05;27.360;255;255;172;21;96;35;0;60;57
29;1563730810.7281;-0.05;27.360;255;255;172;21;96;35;0;60;57
30;1563730810.7331;0.00;27.340;0;0;129;21;92;155;0;60;57
31;1563730810.7380;-0.05;27.390;255;255;172;21;102;133;0;60;57
32;1563730810.7430;-0.05;27.345;255;255;172;21;93;170;0;60;57
33;1563730810.7480;-0.05;27.345;255;255;172;21;93;170;0;60;57
34;1563730810.7530;0.00;27.350;0;0;129;21;94;249;0;60;57
35;1563730810.7580;-0.05;27.380;255;255;172;21;100;231;0;60;57
36;1563730810.7630;-0.10;27.380;255;254;157;21;100;231;0;60;57
37;1563730810.7680;-0.05;27.370;255;255;172;21;98;65;0;60;57
38;1563730810.7731;0.00;27.330;0;0;129;21;90;61;0;60;57
39;1563730810.7781;-0.05;27.360;255;255;172;21;96;35;0;60;57
40;1563730810.7830;-0.10;27.360;255;254;157;21;96;35;0;60;57
41;1563730810.7880;-0.05;27.375;255;255;172;21;99;112;0;60;57
42;1563730810.7930;-0.05;27.360;255;255;172;21;96;35;0;60;57
43;1563730810.7981;-0.05;27.350;255;255;172;21;94;249;0;60;57
44;1563730810.8031;-0.05;27.350;255;255;172;21;94;249;0;60;57
45;1563730810.8081;-0.05;27.360;255;255;172;21;96;35;0;60;57
46;1563730810.8132;-0.05;27.340;255;255;172;21;92;155;0;60;57
47;1563730810.8182;-0.05;27.340;255;255;172;21;92;155;0;60;57
48;1563730810.8231;-0.05;27.345;255;255;172;21;93;170;0;60;57
49;1563730810.8281;-0.05;27.360;255;255;172;21;96;35;0;60;57
50;1563730810.8331;-0.05;27.360;255;255;172;21;96;35;0;60;57
51;1563730810.8381;-0.10;27.360;255;254;157;21;96;35;0;60;57
52;1563730810.8431;0.00;27.400;0;0;129;21;104;154;0;60;57
53;1563730810.8481;-0.05;27.365;255;255;172;21;97;18;0;60;57
54;1563730810.8530;0.00;27.365;0;0;129;21;97;18;0;60;57
55;1563730810.8580;-0.05;27.370;255;255;172;21;98;65;0;60;57
56;1563730810.8630;-0.05;27.365;255;255;172;21;97;18;0;60;57
57;1563730810.8681;-0.05;27.370;255;255;172;21;98;65;0;60;57
58;1563730810.8730;-0.05;27.370;255;255;172;21;98;65;0;60;57
59;1563730810.8780;-0.05;27.345;255;255;172;21;93;170;0;60;57
60;1563730810.8830;-0.10;27.340;255;254;157;21;92;155;0;60;57
61;1563730810.8880;-0.05;27.340;255;255;172;21;92;155;0;60;57
62;1563730810.8930;-0.05;27.410;255;255;172;21;106;248;0;60;57
63;1563730810.8981;-0.10;27.370;255;254;157;21;98;65;0;60;57
64;1563730810.9030;-0.10;27.365;255;254;157;21;97;18;0;60;57
65;1563730810.9081;-0.05;27.365;255;255;172;21;97;18;0;60;57
66;1563730810.9131;-0.05;27.340;255;255;172;21;92;155;0;60;57
67;1563730810.9180;-0.05;27.380;255;255;172;21;100;231;0;60;57
68;1563730810.9230;-0.05;27.340;255;255;172;21;92;155;0;60;57
69;1563730810.9282;-0.05;27.340;255;255;172;21;92;155;0;60;57
70;1563730810.9336;-0.05;27.380;255;255;172;21;100;231;0;60;57
71;1563730810.9391;-0.05;27.375;255;255;172;21;99;112;0;60;57
72;1563730810.9440;-0.05;27.415;255;255;172;21;107;201;0;60;57
73;1563730810.9491;-0.05;27.415;255;255;172;21;107;201;0;60;57
74;1563730810.9540;-0.05;27.380;255;255;172;21;100;231;0;60;57
75;1563730810.9592;-0.05;27.345;255;255;172;21;93;170;0;60;57
76;1563730810.9641;0.00;27.345;0;0;129;21;93;170;0;60;57
77;1563730810.9691;-0.05;27.340;255;255;172;21;92;155;0;60;57
78;1563730810.9740;-0.05;27.340;255;255;172;21;92;155;0;60;57
79;1563730810.9791;-0.05;27.330;255;255;172;21;90;61;0;60;57
80;1563730810.9840;0.00;27.330;0;0;129;21;90;61;0;60;57
81;1563730810.9890;-0.05;27.410;255;255;172;21;106;248;0;60;57
82;1563730810.9940;-0.05;27.380;255;255;172;21;100;231;0;60;57
83;1563730810.9991;-0.05;27.360;255;255;172;21;96;35;0;60;57
84;1563730811.0040;0.00;27.360;0;0;129;21;96;35;0;60;57
85;1563730811.0090;-0.05;27.350;255;255;172;21;94;249;0;60;57
86;1563730811.0140;-0.10;27.355;255;254;157;21;95;200;0;60;57
87;1563730811.0189;-0.05;27.355;255;255;172;21;95;200;0;60;57
88;1563730811.0240;-0.10;27.355;255;254;157;21;95;200;0;60;57
89;1563730811.0291;0.00;27.375;0;0;129;21;99;112;0;60;57
90;1563730811.0340;-0.05;27.330;255;255;172;21;90;61;0;60;57
91;1563730811.0391;-0.05;27.330;255;255;172;21;90;61;0;60;57
92;1563730811.0441;-0.05;27.340;255;255;172;21;92;155;0;60;57
93;1563730811.0491;0.00;27.370;0;0;129;21;98;65;0;60;57
94;1563730811.0540;0.00;27.370;0;0;129;21;98;65;0;60;57
95;1563730811.0591;-0.05;27.340;255;255;172;21;92;155;0;60;57
96;1563730811.0641;0.00;27.360;0;0;129;21;96;35;0;60;57
97;1563730811.0692;-0.05;27.380;255;255;172;21;100;231;0;60;57
98;1563730811.0740;-0.05;27.380;255;255;172;21;100;231;0;60;57
99;1563730811.0791;-0.05;27.400;255;255;172;21;104;154;0;60;57
100;1563730811.0841;-0.05;27.340;255;255;172;21;92;155;0;60;57
101;1563730811.0891;-0.05;27.350;255;255;172;21;94;249;0;60;57
102;1563730811.0941;-0.05;27.350;255;255;172;21;94;249;0;60;57
103;1563730811.0990;-0.05;27.365;255;255;172;21;97;18;0;60;57
104;1563730811.1040;-0.05;27.345;255;255;172;21;93;170;0;60;57
105;1563730811.1090;-0.05;27.345;255;255;172;21;93;170;0;60;57
106;1563730811.1140;-0.05;27.370;255;255;172;21;98;65;0;60;57
107;1563730811.1191;-0.05;27.355;255;255;172;21;95;200;0;60;57
108;1563730811.1240;-0.05;27.395;255;255;172;21;103;180;0;60;57
109;1563730811.1290;-0.05;27.395;255;255;172;21;103;180;0;60;57
110;1563730811.1340;-0.05;27.355;255;255;172;21;95;200;0;60;57
111;1563730811.1390;-0.05;27.380;255;255;172;21;100;231;0;60;57
112;1563730811.1440;-0.05;27.380;255;255;172;21;100;231;0;60;57
113;1563730811.1490;-0.05;27.365;255;255;172;21;97;18;0;60;57
114;1563730811.1540;-0.05;27.350;255;255;172;21;94;249;0;60;57
115;1563730811.1591;-0.05;27.360;255;255;172;21;96;35;0;60;57
116;1563730811.1640;0.00;27.360;0;0;129;21;96;35;0;60;57
117;1563730811.1691;-0.05;27.340;255;255;172;21;92;155;0;60;57
118;1563730811.1740;-0.10;27.350;255;254;157;21;94;249;0;60;57
119;1563730811.1791;-0.05;27.350;255;255;172;21;94;249;0;60;57
120;1563730811.1841;0.00;27.375;0;0;129;21;99;112;0;60;57
121;1563730811.1891;-0.10;27.340;255;254;157;21;92;155;0;60;57
122;1563730811.1941;0.00;27.340;0;0;129;21;92;155;0;60;57
123;1563730811.1991;0.00;27.340;0;0;129;21;92;155;0;60;57
124;1563730811.2042;-0.05;27.330;255;255;172;21;90;61;0;60;57
125;1563730811.2090;0.00;27.375;0;0;129;21;99;112;0;60;57
126;1563730811.2141;-0.05;27.385;255;255;172;21;101;214;0;60;57
127;1563730811.2190;-0.10;27.385;255;254;157;21;101;214;0;60;57
128;1563730811.2240;-0.05;27.390;255;255;172;21;102;133;0;60;57
129;1563730811.2290;0.00;27.370;0;0;129;21;98;65;0;60;57
130;1563730811.2340;-0.05;27.370;255;255;172;21;98;65;0;60;57
131;1563730811.2390;-0.05;27.385;255;255;172;21;101;214;0;60;57
132;1563730811.2440;-0.05;27.375;255;255;172;21;99;112;0;60;57
133;1563730811.2490;-0.05;27.360;255;255;172;21;96;35;0;60;57
134;1563730811.2541;-0.05;27.360;255;255;172;21;96;35;0;60;57
135;1563730811.2590;-0.05;27.340;255;255;172;21;92;155;0;60;57
136;1563730811.2640;-0.05;27.340;255;255;172;21;92;155;0;60;57
137;1563730811.2690;-0.05;27.340;255;255;172;21;92;155;0;60;57
138;1563730811.2740;-0.05;27.365;255;255;172;21;97;18;0;60;57
139;1563730811.2790;-0.10;27.350;255;254;157;21;94;249;0;60;57
140;1563730811.2841;-0.05;27.350;255;255;172;21;94;249;0;60;57
141;1563730811.2891;-0.05;27.350;255;255;172;21;94;249;0;60;57
142;1563730811.2941;-0.05;27.345;255;255;172;21;93;170;0;60;57
143;1563730811.2991;-0.05;27.380;255;255;172;21;100;231;0;60;57
144;1563730811.3041;-0.10;27.365;255;254;157;21;97;18;0;60;57
145;1563730811.3091;-0.05;27.365;255;255;172;21;97;18;0;60;57
146;1563730811.3141;-0.05;27.405;255;255;172;21;105;171;0;60;57
147;1563730811.3191;-0.05;27.360;255;255;172;21;96;35;0;60;57
148;1563730811.3241;-0.05;27.360;255;255;172;21;96;35;0;60;57
149;1563730811.3291;-0.10;27.340;255;254;157;21;92;155;0;60;57
150;1563730811.3341;-0.05;27.365;255;255;172;21;97;18;0;60;57
151;1563730811.3391;-0.05;27.355;255;255;172;21;95;200;0;60;57
152;1563730811.3441;-0.05;27.355;255;255;172;21;95;200;0;60;57
153;1563730811.3491;-0.05;27.370;255;255;172;21;98;65;0;60;57
154;1563730811.3541;-0.10;27.370;255;254;157;21;98;65;0;60;57
155;1563730811.3590;-0.05;27.370;255;255;172;21;98;65;0;60;57
156;1563730811.3640;-0.05;27.405;255;255;172;21;105;171;0;60;57
157;1563730811.3690;0.00;27.345;0;0;129;21;93;170;0;60;57
158;1563730811.3740;-0.10;27.370;255;254;157;21;98;65;0;60;57
159;1563730811.3790;-0.05;27.370;255;255;172;21;98;65;0;60;57
160;1563730811.3840;-0.05;27.385;255;255;172;21;101;214;0;60;57
161;1563730811.3890;0.00;27.320;0;0;129;21;88;95;0;60;57
162;1563730811.3940;-0.10;27.365;255;254;157;21;97;18;0;60;57
163;1563730811.3991;-0.05;27.365;255;255;172;21;97;18;0;60;57
164;1563730811.4041;-0.05;27.380;255;255;172;21;100;231;0;60;57
165;1563730811.4090;-0.05;27.380;255;255;172;21;100;231;0;60;57
166;1563730811.4141;-0.05;27.380;255;255;172;21;100;231;0;60;57
167;1563730811.4191;-0.05;27.365;255;255;172;21;97;18;0;60;57
168;1563730811.4240;-0.05;27.360;255;255;172;21;96;35;0;60;57
169;1563730811.4291;-0.05;27.320;255;255;172;21;88;95;0;60;57
170;1563730811.4341;0.00;27.320;0;0;129;21;88;95;0;60;57
171;1563730811.4391;-0.05;27.345;255;255;172;21;93;170;0;60;57
172;1563730811.4440;-0.05;27.340;255;255;172;21;92;155;0;60;57
173;1563730811.4490;-0.10;27.340;255;254;157;21;92;155;0;60;57
174;1563730811.4540;-0.05;27.355;255;255;172;21;95;200;0;60;57
175;1563730811.4591;0.00;27.340;0;0;129;21;92;155;0;60;57
176;1563730811.4641;-0.05;27.335;255;255;172;21;91;12;0;60;57
177;1563730811.4690;0.00;27.335;0;0;129;21;91;12;0;60;57
178;1563730811.4740;-0.05;27.410;255;255;172;21;106;248;0;60;57
179;1563730811.4790;-0.05;27.370;255;255;172;21;98;65;0;60;57
180;1563730811.4841;-0.05;27.355;255;255;172;21;95;200;0;60;57
181;1563730811.4890;-0.05;27.355;255;255;172;21;95;200;0;60;57
182;1563730811.4940;-0.05;27.350;255;255;172;21;94;249;0;60;57
183;1563730811.4990;-0.10;27.385;255;254;157;21;101;214;0;60;57
184;1563730811.5040;-0.05;27.385;255;255;172;21;101;214;0;60;57
185;1563730811.5090;-0.05;27.375;255;255;172;21;99;112;0;60;57
186;1563730811.5140;0.00;27.375;0;0;129;21;99;112;0;60;57
187;1563730811.5190;0.00;27.370;0;0;129;21;98;65;0;60;57
188;1563730811.5240;-0.05;27.370;255;255;172;21;98;65;0;60;57
189;1563730811.5291;-0.05;27.355;255;255;172;21;95;200;0;60;57
190;1563730811.5340;-0.05;27.365;255;255;172;21;97;18;0;60;57
191;1563730811.5391;-0.05;27.365;255;255;172;21;97;18;0;60;57
192;1563730811.5441;0.00;27.365;0;0;129;21;97;18;0;60;57
193;1563730811.5490;0.00;27.365;0;0;129;21;97;18;0;60;57
194;1563730811.5541;-0.05;27.380;255;255;172;21;100;231;0;60;57
195;1563730811.5590;-0.05;27.380;255;255;172;21;100;231;0;60;57
196;1563730811.5641;-0.05;27.350;255;255;172;21;94;249;0;60;57
197;1563730811.5691;-0.05;27.350;255;255;172;21;94;249;0;60;57
198;1563730811.5741;0.00;27.375;0;0;129;21;99;112;0;60;57
199;1563730811.5791;-0.05;27.375;255;255;172;21;99;112;0;60;57
200;1563730811.5841;-0.05;27.380;255;255;172;21;100;231;0;60;57
201;1563730811.5891;-0.05;27.375;255;255;172;21;99;112;0;60;57
202;1563730811.5940;-0.05;27.375;255;255;172;21;99;112;0;60;57
203;1563730811.5990;-0.05;27.415;255;255;172;21;107;201;0;60;57
204;1563730811.6040;-0.10;27.365;255;254;157;21;97;18;0;60;57
205;1563730811.6090;-0.05;27.355;255;255;172;21;95;200;0;60;57
206;1563730811.6140;-0.05;27.355;255;255;172;21;95;200;0;60;57
207;1563730811.6191;-0.05;27.360;255;255;172;21;96;35;0;60;57
208;1563730811.6240;0.00;27.365;0;0;129;21;97;18;0;60;57
209;1563730811.6290;0.00;27.365;0;0;129;21;97;18;0;60;57
210;1563730811.6340;-0.05;27.375;255;255;172;21;99;112;0;60;57
211;1563730811.6390;-0.05;27.400;255;255;172;21;104;154;0;60;57
212;1563730811.6440;-0.05;27.365;255;255;172;21;97;18;0;60;57
213;1563730811.6491;-0.05;27.365;255;255;172;21;97;18;0;60;57
214;1563730811.6541;-0.05;27.370;255;255;172;21;98;65;0;60;57
215;1563730811.6590;-0.05;27.340;255;255;172;21;92;155;0;60;57
216;1563730811.6640;-0.05;27.340;255;255;172;21;92;155;0;60;57
217;1563730811.6690;-0.05;27.340;255;255;172;21;92;155;0;60;57
218;1563730811.6740;0.00;27.355;0;0;129;21;95;200;0;60;57
219;1563730811.6790;-0.05;27.360;255;255;172;21;96;35;0;60;57
220;1563730811.6840;0.00;27.360;0;0;129;21;96;35;0;60;57
221;1563730811.6890;-0.05;27.360;255;255;172;21;96;35;0;60;57
222;1563730811.6940;-0.05;27.355;255;255;172;21;95;200;0;60;57
223;1563730811.6990;-0.05;27.360;255;255;172;21;96;35;0;60;57
224;1563730811.7041;-0.05;27.360;255;255;172;21;96;35;0;60;57
225;1563730811.7090;-0.05;27.370;255;255;172;21;98;65;0;60;57
226;1563730811.7140;-0.05;27.360;255;255;172;21;96;35;0;60;57
227;1563730811.7190;-0.05;27.360;255;255;172;21;96;35;0;60;57
228;1563730811.7241;-0.05;27.330;255;255;172;21;90;61;0;60;57
229;1563730811.7290;-0.05;27.375;255;255;172;21;99;112;0;60;57
230;1563730811.7343;-0.05;27.390;255;255;172;21;102;133;0;60;57
231;1563730811.7390;-0.05;27.390;255;255;172;21;102;133;0;60;57
232;1563730811.7440;-0.05;27.360;255;255;172;21;96;35;0;60;57
233;1563730811.7490;-0.05;27.360;255;255;172;21;96;35;0;60;57
234;1563730811.7540;-0.05;27.360;255;255;172;21;96;35;0;60;57
235;1563730811.7590;-0.05;27.360;255;255;172;21;96;35;0;60;57
236;1563730811.7641;0.00;27.350;0;0;129;21;94;249;0;60;57
237;1563730811.7690;-0.05;27.380;255;255;172;21;100;231;0;60;57
238;1563730811.7741;0.00;27.380;0;0;129;21;100;231;0;60;57
239;1563730811.7791;-0.05;27.320;255;255;172;21;88;95;0;60;57
240;1563730811.7841;0.00;27.415;0;0;129;21;107;201;0;60;57
241;1563730811.7890;-0.05;27.375;255;255;172;21;99;112;0;60;57
242;1563730811.7940;-0.05;27.375;255;255;172;21;99;112;0;60;57
243;1563730811.7991;-0.05;27.385;255;255;172;21;101;214;0;60;57
244;1563730811.8040;0.00;27.360;0;0;129;21;96;35;0;60;57
245;1563730811.8091;0.00;27.360;0;0;129;21;96;35;0;60;57
246;1563730811.8141;-0.10;27.385;255;254;157;21;101;214;0;60;57
247;1563730811.8192;-0.10;27.365;255;254;157;21;97;18;0;60;57
248;1563730811.8241;-0.05;27.360;255;255;172;21;96;35;0;60;57
249;1563730811.8291;-0.10;27.360;255;254;157;21;96;35;0;60;57
250;1563730811.8341;-0.05;27.330;255;255;172;21;90;61;0;60;57
251;1563730811.8391;-0.05;27.360;255;255;172;21;96;35;0;60;57
252;1563730811.8441;-0.05;27.360;255;255;172;21;96;35;0;60;57
253;1563730811.8492;0.00;27.360;0;0;129;21;96;35;0;60;57
254;1563730811.8541;-0.05;27.380;255;255;172;21;100;231;0;60;57
255;1563730811.8591;-0.10;27.355;255;254;157;21;95;200;0;60;57
256;1563730811.8643;-0.10;27.355;255;254;157;21;95;200;0;60;57
257;1563730811.8689;-0.05;27.390;255;255;172;21;102;133;0;60;57
258;1563730811.8740;0.00;27.310;0;0;129;21;86;64;0;60;57
259;1563730811.8790;-0.05;27.395;255;255;172;21;103;180;0;60;57
260;1563730811.8840;-0.10;27.395;255;254;157;21;103;180;0;60;57
261;1563730811.8890;-0.05;27.345;255;255;172;21;93;170;0;60;57
262;1563730811.8940;-0.05;27.365;255;255;172;21;97;18;0;60;57
263;1563730811.8991;-0.05;27.365;255;255;172;21;97;18;0;60;57
264;1563730811.9040;0.00;27.370;0;0;129;21;98;65;0;60;57
265;1563730811.9090;-0.10;27.350;255;254;157;21;94;249;0;60;57
266;1563730811.9140;-0.05;27.360;255;255;172;21;96;35;0;60;57
267;1563730811.9191;-0.05;27.360;255;255;172;21;96;35;0;60;57
268;1563730811.9241;-0.05;27.355;255;255;172;21;95;200;0;60;57
269;1563730811.9291;-0.05;27.375;255;255;172;21;99;112;0;60;57
270;1563730811.9340;0.00;27.375;0;0;129;21;99;112;0;60;57
271;1563730811.9391;-0.10;27.360;255;254;157;21;96;35;0;60;57
272;1563730811.9440;-0.05;27.340;255;255;172;21;92;155;0;60;57
273;1563730811.9492;-0.05;27.365;255;255;172;21;97;18;0;60;57
274;1563730811.9540;-0.05;27.365;255;255;172;21;97;18;0;60;57
275;1563730811.9592;0.00;27.370;0;0;129;21;98;65;0;60;57
276;1563730811.9640;-0.05;27.350;255;255;172;21;94;249;0;60;57
277;1563730811.9690;-0.05;27.340;255;255;172;21;92;155;0;60;57
278;1563730811.9740;-0.05;27.340;255;255;172;21;92;155;0;60;57
279;1563730811.9790;-0.05;27.350;255;255;172;21;94;249;0;60;57
280;1563730811.9840;-0.05;27.365;255;255;172;21;97;18;0;60;57
281;1563730811.9890;-0.05;27.365;255;255;172;21;97;18;0;60;57
282;1563730811.9940;-0.05;27.340;255;255;172;21;92;155;0;60;57
283;1563730811.9990;-0.05;27.345;255;255;172;21;93;170;0;60;57
284;1563730812.0040;0.00;27.370;0;0;129;21;98;65;0;60;57
285;1563730812.0090;-0.10;27.370;255;254;157;21;98;65;0;60;57
286;1563730812.0140;-0.05;27.350;255;255;172;21;94;249;0;60;57
287;1563730812.0191;-0.05;27.350;255;255;172;21;94;249;0;60;57
288;1563730812.0240;-0.05;27.350;255;255;172;21;94;249;0;60;57
289;1563730812.0291;-0.05;27.350;255;255;172;21;94;249;0;60;57
290;1563730812.0340;-0.10;27.350;255;254;157;21;94;249;0;60;57
291;1563730812.0391;-0.10;27.390;255;254;157;21;102;133;0;60;57
292;1563730812.0441;-0.05;27.390;255;255;172;21;102;133;0;60;57
293;1563730812.0491;-0.05;27.380;255;255;172;21;100;231;0;60;57
294;1563730812.0542;-0.05;27.375;255;255;172;21;99;112;0;60;57
295;1563730812.0591;-0.10;27.365;255;254;157;21;97;18;0;60;57
296;1563730812.0641;-0.10;27.365;255;254;157;21;97;18;0;60;57
297;1563730812.0691;-0.05;27.370;255;255;172;21;98;65;0;60;57
298;1563730812.0741;-0.05;27.385;255;255;172;21;101;214;0;60;57
299;1563730812.0790;-0.05;27.385;255;255;172;21;101;214;0;60;57
300;1563730812.0841;-0.05;27.400;255;255;172;21;104;154;0;60;57
301;1563730812.0890;0.00;27.375;0;0;129;21;99;112;0;60;57
302;1563730812.0940;0.00;27.320;0;0;129;21;88;95;0;60;57
303;1563730812.0990;-0.05;27.320;255;255;172;21;88;95;0;60;57
304;1563730812.1041;-0.05;27.335;255;255;172;21;91;12;0;60;57
305;1563730812.1090;-0.05;27.360;255;255;172;21;96;35;0;60;57
306;1563730812.1140;0.00;27.360;0;0;129;21;96;35;0;60;57
307;1563730812.1190;-0.05;27.360;255;255;172;21;96;35;0;60;57
308;1563730812.1240;-0.05;27.345;255;255;172;21;93;170;0;60;57
309;1563730812.1290;-0.05;27.360;255;255;172;21;96;35;0;60;57
310;1563730812.1341;-0.05;27.360;255;255;172;21;96;35;0;60;57
311;1563730812.1390;0.00;27.360;0;0;129;21;96;35;0;60;57
312;1563730812.1440;-0.10;27.375;255;254;157;21;99;112;0;60;57
313;1563730812.1490;-0.05;27.375;255;255;172;21;99;112;0;60;57
314;1563730812.1541;-0.05;27.320;255;255;172;21;88;95;0;60;57
315;1563730812.1591;-0.05;27.320;255;255;172;21;88;95;0;60;57
316;1563730812.1641;0.00;27.370;0;0;129;21;98;65;0;60;57
317;1563730812.1691;-0.10;27.370;255;254;157;21;98;65;0;60;57
318;1563730812.1741;-0.05;27.400;255;255;172;21;104;154;0;60;57
319;1563730812.1790;-0.05;27.360;255;255;172;21;96;35;0;60;57
320;1563730812.1841;-0.10;27.370;255;254;157;21;98;65;0;60;57
321;1563730812.1891;-0.05;27.370;255;255;172;21;98;65;0;60;57
322;1563730812.1941;-0.05;27.360;255;255;172;21;96;35;0;60;57
323;1563730812.1990;0.00;27.340;0;0;129;21;92;155;0;60;57
324;1563730812.2041;-0.05;27.340;255;255;172;21;92;155;0;60;57
325;1563730812.2090;-0.05;27.355;255;255;172;21;95;200;0;60;57
326;1563730812.2140;-0.05;27.360;255;255;172;21;96;35;0;60;57
327;1563730812.2190;-0.05;27.400;255;255;172;21;104;154;0;60;57
328;1563730812.2241;-0.10;27.400;255;254;157;21;104;154;0;60;57
329;1563730812.2290;-0.05;27.350;255;255;172;21;94;249;0;60;57
330;1563730812.2340;-0.10;27.375;255;254;157;21;99;112;0;60;57
331;1563730812.2390;-0.05;27.375;255;255;172;21;99;112;0;60;57
332;1563730812.2440;-0.10;27.390;255;254;157;21;102;133;0;60;57
333;1563730812.2490;-0.05;27.335;255;255;172;21;91;12;0;60;57
334;1563730812.2540;-0.10;27.370;255;254;157;21;98;65;0;60;57
335;1563730812.2590;-0.05;27.370;255;255;172;21;98;65;0;60;57
336;1563730812.2640;-0.05;27.350;255;255;172;21;94;249;0;60;57
337;1563730812.2690;0.00;27.355;0;0;129;21;95;200;0;60;57
338;1563730812.2741;0.00;27.360;0;0;129;21;96;35;0;60;57
339;1563730812.2790;-0.05;27.360;255;255;172;21;96;35;0;60;57
340;1563730812.2841;-0.05;27.380;255;255;172;21;100;231;0;60;57
341;1563730812.2890;-0.05;27.360;255;255;172;21;96;35;0;60;57
342;1563730812.2940;-0.05;27.360;255;255;172;21;96;35;0;60;57
343;1563730812.2990;0.00;27.340;0;0;129;21;92;155;0;60;57
344;1563730812.3041;-0.05;27.380;255;255;172;21;100;231;0;60;57
345;1563730812.3091;-0.05;27.360;255;255;172;21;96;35;0;60;57
346;1563730812.3140;-0.05;27.360;255;255;172;21;96;35;0;60;57
347;1563730812.3192;0.00;27.360;0;0;129;21;96;35;0;60;57
348;1563730812.3241;-0.05;27.335;255;255;172;21;91;12;0;60;57
349;1563730812.3291;-0.05;27.335;255;255;172;21;91;12;0;60;57
350;1563730812.3341;-0.05;27.325;255;255;172;21;89;110;0;60;57
351;1563730812.3391;-0.05;27.360;255;255;172;21;96;35;0;60;57
352;1563730812.3441;-0.05;27.380;255;255;172;21;100;231;0;60;57
353;1563730812.3491;-0.05;27.380;255;255;172;21;100;231;0;60;57
354;1563730812.3540;-0.05;27.360;255;255;172;21;96;35;0;60;57
355;1563730812.3590;-0.10;27.360;255;254;157;21;96;35;0;60;57
356;1563730812.3640;-0.05;27.360;255;255;172;21;96;35;0;60;57
357;1563730812.3690;-0.05;27.360;255;255;172;21;96;35;0;60;57
358;1563730812.3740;0.00;27.380;0;0;129;21;100;231;0;60;57
359;1563730812.3790;-0.05;27.400;255;255;172;21;104;154;0;60;57
360;1563730812.3840;0.00;27.400;0;0;129;21;104;154;0;60;57
361;1563730812.3891;0.00;27.380;0;0;129;21;100;231;0;60;57
362;1563730812.3940;-0.05;27.355;255;255;172;21;95;200;0;60;57
363;1563730812.3990;-0.05;27.370;255;255;172;21;98;65;0;60;57
364;1563730812.4041;-0.10;27.370;255;254;157;21;98;65;0;60;57
365;1563730812.4092;-0.05;27.350;255;255;172;21;94;249;0;60;57
366;1563730812.4141;0.00;27.380;0;0;129;21;100;231;0;60;57
367;1563730812.4191;0.00;27.380;0;0;129;21;100;231;0;60;57
368;1563730812.4242;-0.05;27.360;255;255;172;21;96;35;0;60;57
369;1563730812.4290;-0.05;27.380;255;255;172;21;100;231;0;60;57
370;1563730812.4340;-0.05;27.350;255;255;172;21;94;249;0;60;57
371;1563730812.4390;-0.05;27.350;255;255;172;21;94;249;0;60;57
372;1563730812.4440;-0.05;27.340;255;255;172;21;92;155;0;60;57
373;1563730812.4490;0.00;27.340;0;0;129;21;92;155;0;60;57
374;1563730812.4541;-0.05;27.345;255;255;172;21;93;170;0;60;57
375;1563730812.4591;-0.05;27.345;255;255;172;21;93;170;0;60;57
376;1563730812.4641;-0.05;27.365;255;255;172;21;97;18;0;60;57
377;1563730812.4690;-0.05;27.370;255;255;172;21;98;65;0;60;57
378;1563730812.4740;0.00;27.370;0;0;129;21;98;65;0;60;57
379;1563730812.4791;-0.05;27.360;255;255;172;21;96;35;0;60;57
380;1563730812.4841;-0.10;27.320;255;254;157;21;88;95;0;60;57
381;1563730812.4890;-0.05;27.335;255;255;172;21;91;12;0;60;57
382;1563730812.4940;-0.05;27.335;255;255;172;21;91;12;0;60;57
383;1563730812.4990;-0.05;27.380;255;255;172;21;100;231;0;60;57
384;1563730812.5040;0.00;27.370;0;0;129;21;98;65;0;60;57
385;1563730812.5090;-0.05;27.370;255;255;172;21;98;65;0;60;57
386;1563730812.5140;-0.10;27.340;255;254;157;21;92;155;0;60;57
387;1563730812.5190;-0.05;27.365;255;255;172;21;97;18;0;60;57
388;1563730812.5241;-0.05;27.380;255;255;172;21;100;231;0;60;57
389;1563730812.5291;-0.05;27.380;255;255;172;21;100;231;0;60;57
390;1563730812.5340;-0.05;27.355;255;255;172;21;95;200;0;60;57
391;1563730812.5390;0.00;27.375;0;0;129;21;99;112;0;60;57
392;1563730812.5439;-0.05;27.330;255;255;172;21;90;61;0;60;57
393;1563730812.5490;-0.05;27.330;255;255;172;21;90;61;0;60;57
394;1563730812.5540;0.00;27.360;0;0;129;21;96;35;0;60;57
395;1563730812.5591;-0.05;27.360;255;255;172;21;96;35;0;60;57
396;1563730812.5640;-0.05;27.360;255;255;172;21;96;35;0;60;57
397;1563730812.5690;-0.05;27.345;255;255;172;21;93;170;0;60;57
398;1563730812.5740;-0.05;27.360;255;255;172;21;96;35;0;60;57
399;1563730812.5791;-0.05;27.360;255;255;172;21;96;35;0;60;57
400;1563730812.5841;-0.05;27.360;255;255;172;21;96;35;0;60;57
401;1563730812.5890;-0.05;27.360;255;255;172;21;96;35;0;60;57
402;1563730812.5941;-0.05;27.385;255;255;172;21;101;214;0;60;57
403;1563730812.5992;-0.05;27.385;255;255;172;21;101;214;0;60;57
404;1563730812.6040;-0.05;27.355;255;255;172;21;95;200;0;60;57
405;1563730812.6091;-0.05;27.385;255;255;172;21;101;214;0;60;57
406;1563730812.6140;0.00;27.360;0;0;129;21;96;35;0;60;57
407;1563730812.6190;-0.05;27.360;255;255;172;21;96;35;0;60;57
408;1563730812.6240;-0.05;27.385;255;255;172;21;101;214;0;60;57
409;1563730812.6291;-0.05;27.380;255;255;172;21;100;231;0;60;57
410;1563730812.6340;-0.05;27.380;255;255;172;21;100;231;0;60;57
411;1563730812.6390;-0.05;27.340;255;255;172;21;92;155;0;60;57
412;1563730812.6440;-0.05;27.345;255;255;172;21;93;170;0;60;57
413;1563730812.6491;-0.05;27.395;255;255;172;21;103;180;0;60;57
414;1563730812.6540;-0.05;27.395;255;255;172;21;103;180;0;60;57
415;1563730812.6591;-0.05;27.360;255;255;172;21;96;35;0;60;57
416;1563730812.6640;-0.05;27.360;255;255;172;21;96;35;0;60;57
417;1563730812.6691;-0.05;27.350;255;255;172;21;94;249;0;60;57
418;1563730812.6740;-0.05;27.350;255;255;172;21;94;249;0;60;57
419;1563730812.6791;-0.05;27.330;255;255;172;21;90;61;0;60;57
420;1563730812.6840;-0.05;27.360;255;255;172;21;96;35;0;60;57
421;1563730812.6891;-0.05;27.360;255;255;172;21;96;35;0;60;57
422;1563730812.6941;-0.05;27.370;255;255;172;21;98;65;0;60;57
423;1563730812.6991;-0.05;27.370;255;255;172;21;98;65;0;60;57
424;1563730812.7041;-0.05;27.335;255;255;172;21;91;12;0;60;57
425;1563730812.7091;-0.05;27.335;255;255;172;21;91;12;0;60;57
426;1563730812.7140;-0.10;27.370;255;254;157;21;98;65;0;60;57
427;1563730812.7192;-0.05;27.360;255;255;172;21;96;35;0;60;57
428;1563730812.7241;0.00;27.360;0;0;129;21;96;35;0;60;57
429;1563730812.7290;-0.05;27.350;255;255;172;21;94;249;0;60;57
430;1563730812.7340;0.00;27.380;0;0;129;21;100;231;0;60;57
431;1563730812.7390;-0.05;27.380;255;255;172;21;100;231;0;60;57
432;1563730812.7440;-0.05;27.380;255;255;172;21;100;231;0;60;57
433;1563730812.7490;-0.10;27.360;255;254;157;21;96;35;0;60;57
434;1563730812.7540;0.00;27.360;0;0;129;21;96;35;0;60;57
435;1563730812.7590;-0.05;27.345;255;255;172;21;93;170;0;60;57
436;1563730812.7640;-0.05;27.345;255;255;172;21;93;170;0;60;57
437;1563730812.7691;-0.05;27.370;255;255;172;21;98;65;0;60;57
438;1563730812.7740;-0.05;27.365;255;255;172;21;97;18;0;60;57
439;1563730812.7790;-0.05;27.365;255;255;172;21;97;18;0;60;57
440;1563730812.7840;-0.05;27.360;255;255;172;21;96;35;0;60;57
441;1563730812.7890;-0.05;27.330;255;255;172;21;90;61;0;60;57
442;1563730812.7940;-0.05;27.365;255;255;172;21;97;18;0;60;57
443;1563730812.7990;-0.05;27.365;255;255;172;21;97;18;0;60;57
444;1563730812.8040;-0.05;27.340;255;255;172;21;92;155;0;60;57
445;1563730812.8090;-0.05;27.355;255;255;172;21;95;200;0;60;57
446;1563730812.8140;-0.05;27.355;255;255;172;21;95;200;0;60;57
447;1563730812.8191;-0.05;27.375;255;255;172;21;99;112;0;60;57
448;1563730812.8241;-0.10;27.360;255;254;157;21;96;35;0;60;57
449;1563730812.8291;-0.10;27.340;255;254;157;21;92;155;0;60;57
450;1563730812.8341;-0.05;27.340;255;255;172;21;92;155;0;60;57
451;1563730812.8391;-0.05;27.370;255;255;172;21;98;65;0;60;57
452;1563730812.8440;0.00;27.380;0;0;129;21;100;231;0;60;57
453;1563730812.8491;-0.05;27.345;255;255;172;21;93;170;0;60;57
454;1563730812.8541;-0.05;27.345;255;255;172;21;93;170;0;60;57
455;1563730812.8590;-0.10;27.340;255;254;157;21;92;155;0;60;57
456;1563730812.8640;0.00;27.345;0;0;129;21;93;170;0;60;57
457;1563730812.8690;-0.05;27.345;255;255;172;21;93;170;0;60;57
458;1563730812.8740;-0.05;27.350;255;255;172;21;94;249;0;60;57
459;1563730812.8790;-0.05;27.360;255;255;172;21;96;35;0;60;57
460;1563730812.8840;-0.05;27.375;255;255;172;21;99;112;0;60;57
461;1563730812.8890;-0.05;27.375;255;255;172;21;99;112;0;60;57
462;1563730812.8940;-0.05;27.355;255;255;172;21;95;200;0;60;57
463;1563730812.8991;0.00;27.380;0;0;129;21;100;231;0;60;57
464;1563730812.9040;-0.05;27.380;255;255;172;21;100;231;0;60;57
465;1563730812.9090;-0.05;27.375;255;255;172;21;99;112;0;60;57
466;1563730812.9140;-0.05;27.365;255;255;172;21;97;18;0;60;57
467;1563730812.9191;0.00;27.385;0;0;129;21;101;214;0;60;57
468;1563730812.9242;-0.05;27.385;255;255;172;21;101;214;0;60;57
469;1563730812.9290;-0.05;27.385;255;255;172;21;101;214;0;60;57
470;1563730812.9342;-0.05;27.360;255;255;172;21;96;35;0;60;57
471;1563730812.9390;-0.05;27.360;255;255;172;21;96;35;0;60;57
472;1563730812.9440;-0.05;27.360;255;255;172;21;96;35;0;60;57
473;1563730812.9491;-0.05;27.415;255;255;172;21;107;201;0;60;57
474;1563730812.9541;-0.05;27.355;255;255;172;21;95;200;0;60;57
475;1563730812.9592;-0.05;27.355;255;255;172;21;95;200;0;60;57
476;1563730812.9640;-0.10;27.360;255;254;157;21;96;35;0;60;57
477;1563730812.9691;-0.05;27.360;255;255;172;21;96;35;0;60;57
478;1563730812.9741;-0.05;27.380;255;255;172;21;100;231;0;60;57
479;1563730812.9790;-0.05;27.380;255;255;172;21;100;231;0;60;57
480;1563730812.9841;-0.05;27.355;255;255;172;21;95;200;0;60;57
481;1563730812.9890;0.00;27.380;0;0;129;21;100;231;0;60;57
482;1563730812.9940;-0.10;27.380;255;254;157;21;100;231;0;60;57
483;1563730812.9990;-0.05;27.375;255;255;172;21;99;112;0;60;57
484;1563730813.0040;-0.05;27.380;255;255;172;21;100;231;0;60;57
485;1563730813.0090;-0.05;27.365;255;255;172;21;97;18;0;60;57
486;1563730813.0140;-0.05;27.365;255;255;172;21;97;18;0;60;57
487;1563730813.0191;-0.05;27.330;255;255;172;21;90;61;0;60;57
488;1563730813.0241;0.00;27.360;0;0;129;21;96;35;0;60;57
489;1563730813.0290;-0.05;27.320;255;255;172;21;88;95;0;60;57
490;1563730813.0341;-0.05;27.320;255;255;172;21;88;95;0;60;57
491;1563730813.0391;-0.10;27.340;255;254;157;21;92;155;0;60;57
492;1563730813.0441;-0.05;27.365;255;255;172;21;97;18;0;60;57
493;1563730813.0491;-0.05;27.365;255;255;172;21;97;18;0;60;57
494;1563730813.0540;-0.10;27.365;255;254;157;21;97;18;0;60;57
495;1563730813.0591;-0.05;27.345;255;255;172;21;93;170;0;60;57
496;1563730813.0641;-0.05;27.335;255;255;172;21;91;12;0;60;57
497;1563730813.0691;0.00;27.335;0;0;129;21;91;12;0;60;57
498;1563730813.0742;-0.05;27.350;255;255;172;21;94;249;0;60;57
499;1563730813.0791;-0.05;27.360;255;255;172;21;96;35;0;60;57
500;1563730813.0842;0.00;27.360;0;0;129;21;96;35;0;60;57
501;1563730813.0891;0.00;27.360;0;0;129;21;96;35;0;60;57
502;1563730813.0941;-0.05;27.375;255;255;172;21;99;112;0;60;57
503;1563730813.0991;-0.05;27.400;255;255;172;21;104;154;0;60;57
504;1563730813.1040;0.00;27.400;0;0;129;21;104;154;0;60;57
505;1563730813.1090;-0.05;27.390;255;255;172;21;102;133;0;60;57
506;1563730813.1140;-0.05;27.365;255;255;172;21;97;18;0;60;57
507;1563730813.1190;-0.10;27.350;255;254;157;21;94;249;0;60;57
508;1563730813.1240;-0.05;27.350;255;255;172;21;94;249;0;60;57
509;1563730813.1290;-0.05;27.365;255;255;172;21;97;18;0;60;57
510;1563730813.1340;-0.05;27.365;255;255;172;21;97;18;0;60;57
511;1563730813.1391;-0.05;27.365;255;255;172;21;97;18;0;60;57
512;1563730813.1441;0.00;27.320;0;0;129;21;88;95;0;60;57
513;1563730813.1490;-0.05;27.325;255;255;172;21;89;110;0;60;57
514;1563730813.1541;-0.10;27.395;255;254;157;21;103;180;0;60;57
515;1563730813.1590;0.00;27.395;0;0;129;21;103;180;0;60;57
516;1563730813.1640;-0.05;27.365;255;255;172;21;97;18;0;60;57
517;1563730813.1691;-0.05;27.380;255;255;172;21;100;231;0;60;57
518;1563730813.1742;0.00;27.380;0;0;129;21;100;231;0;60;57
519;1563730813.1791;-0.05;27.370;255;255;172;21;98;65;0;60;57
520;1563730813.1840;-0.05;27.340;255;255;172;21;92;155;0;60;57
521;1563730813.1891;-0.05;27.365;255;255;172;21;97;18;0;60;57
522;1563730813.1942;-0.05;27.365;255;255;172;21;97;18;0;60;57
523;1563730813.1991;-0.05;27.325;255;255;172;21;89;110;0;60;57
524;1563730813.2041;-0.05;27.350;255;255;172;21;94;249;0;60;57
525;1563730813.2091;-0.05;27.350;255;255;172;21;94;249;0;60;57
526;1563730813.2140;-0.05;27.355;255;255;172;21;95;200;0;60;57
527;1563730813.2190;-0.05;27.400;255;255;172;21;104;154;0;60;57
528;1563730813.2240;-0.05;27.360;255;255;172;21;96;35;0;60;57
529;1563730813.2290;0.00;27.360;0;0;129;21;96;35;0;60;57
530;1563730813.2340;-0.05;27.360;255;255;172;21;96;35;0;60;57
531;1563730813.2390;-0.05;27.380;255;255;172;21;100;231;0;60;57
532;1563730813.2440;-0.05;27.375;255;255;172;21;99;112;0;60;57
533;1563730813.2490;-0.05;27.375;255;255;172;21;99;112;0;60;57
534;1563730813.2540;-0.05;27.375;255;255;172;21;99;112;0;60;57
535;1563730813.2590;0.00;27.335;0;0;129;21;91;12;0;60;57
536;1563730813.2639;-0.05;27.335;255;255;172;21;91;12;0;60;57
537;1563730813.2690;0.00;27.375;0;0;129;21;99;112;0;60;57
538;1563730813.2741;-0.05;27.375;255;255;172;21;99;112;0;60;57
539;1563730813.2790;-0.05;27.375;255;255;172;21;99;112;0;60;57
540;1563730813.2841;-0.05;27.375;255;255;172;21;99;112;0;60;57
541;1563730813.2890;-0.05;27.345;255;255;172;21;93;170;0;60;57
542;1563730813.2942;-0.05;27.360;255;255;172;21;96;35;0;60;57
543;1563730813.2991;-0.05;27.360;255;255;172;21;96;35;0;60;57
544;1563730813.3041;-0.05;27.370;255;255;172;21;98;65;0;60;57
545;1563730813.3091;-0.05;27.355;255;255;172;21;95;200;0;60;57
546;1563730813.3140;-0.05;27.365;255;255;172;21;97;18;0;60;57
547;1563730813.3191;-0.10;27.365;255;254;157;21;97;18;0;60;57
548;1563730813.3241;0.00;27.360;0;0;129;21;96;35;0;60;57
549;1563730813.3291;-0.05;27.360;255;255;172;21;96;35;0;60;57
550;1563730813.3341;0.00;27.380;0;0;129;21;100;231;0;60;57
551;1563730813.3390;-0.05;27.380;255;255;172;21;100;231;0;60;57
552;1563730813.3440;-0.05;27.350;255;255;172;21;94;249;0;60;57
553;1563730813.3490;-0.05;27.315;255;255;172;21;87;113;0;60;57
554;1563730813.3540;-0.05;27.315;255;255;172;21;87;113;0;60;57
555;1563730813.3590;0.00;27.380;0;0;129;21;100;231;0;60;57
556;1563730813.3639;-0.05;27.360;255;255;172;21;96;35;0;60;57
557;1563730813.3690;-0.10;27.370;255;254;157;21;98;65;0;60;57
558;1563730813.3740;0.00;27.370;0;0;129;21;98;65;0;60;57
559;1563730813.3790;0.00;27.380;0;0;129;21;100;231;0;60;57
560;1563730813.3840;-0.05;27.380;255;255;172;21;100;231;0;60;57
561;1563730813.3890;-0.05;27.380;255;255;172;21;100;231;0;60;57
562;1563730813.3941;0.00;27.315;0;0;129;21;87;113;0;60;57
563;1563730813.3990;-0.10;27.375;255;254;157;21;99;112;0;60;57
564;1563730813.4040;-0.10;27.340;255;254;157;21;92;155;0;60;57
565;1563730813.4090;-0.05;27.340;255;255;172;21;92;155;0;60;57
566;1563730813.4140;-0.10;27.355;255;254;157;21;95;200;0;60;57
567;1563730813.4191;-0.05;27.350;255;255;172;21;94;249;0;60;57
568;1563730813.4241;-0.05;27.370;255;255;172;21;98;65;0;60;57
569;1563730813.4291;-0.05;27.370;255;255;172;21;98;65;0;60;57
570;1563730813.4341;-0.05;27.390;255;255;172;21;102;133;0;60;57
571;1563730813.4391;-0.05;27.350;255;255;172;21;94;249;0;60;57
572;1563730813.4440;0.00;27.350;0;0;129;21;94;249;0;60;57
573;1563730813.4490;-0.05;27.375;255;255;172;21;99;112;0;60;57
574;1563730813.4541;-0.05;27.360;255;255;172;21;96;35;0;60;57
575;1563730813.4591;0.00;27.360;0;0;129;21;96;35;0;60;57
576;1563730813.4640;-0.05;27.360;255;255;172;21;96;35;0;60;57
577;1563730813.4691;0.00;27.355;0;0;129;21;95;200;0;60;57
578;1563730813.4740;0.00;27.335;0;0;129;21;91;12;0;60;57
579;1563730813.4790;-0.05;27.335;255;255;172;21;91;12;0;60;57
580;1563730813.4840;-0.05;27.355;255;255;172;21;95;200;0;60;57
581;1563730813.4890;-0.05;27.365;255;255;172;21;97;18;0;60;57
582;1563730813.4940;-0.05;27.365;255;255;172;21;97;18;0;60;57
583;1563730813.4990;-0.10;27.365;255;254;157;21;97;18;0;60;57
584;1563730813.5040;-0.10;27.340;255;254;157;21;92;155;0;60;57
585;1563730813.5090;-0.05;27.345;255;255;172;21;93;170;0;60;57
586;1563730813.5140;-0.05;27.350;255;255;172;21;94;249;0;60;57
587;1563730813.5191;-0.05;27.350;255;255;172;21;94;249;0;60;57
588;1563730813.5240;0.00;27.360;0;0;129;21;96;35;0;60;57
589;1563730813.5291;-0.05;27.365;255;255;172;21;97;18;0;60;57
590;1563730813.5341;-0.10;27.365;255;254;157;21;97;18;0;60;57
591;1563730813.5391;-0.05;27.340;255;255;172;21;92;155;0;60;57
592;1563730813.5441;0.00;27.360;0;0;129;21;96;35;0;60;57
593;1563730813.5491;-0.05;27.370;255;255;172;21;98;65;0;60;57
594;1563730813.5540;-0.05;27.370;255;255;172;21;98;65;0;60;57
595;1563730813.5591;-0.05;27.360;255;255;172;21;96;35;0;60;57
596;1563730813.5641;-0.05;27.375;255;255;172;21;99;112;0;60;57
597;1563730813.5692;-0.05;27.375;255;255;172;21;99;112;0;60;57
598;1563730813.5741;-0.05;27.360;255;255;172;21;96;35;0;60;57
599;1563730813.5791;-0.10;27.315;255;254;157;21;87;113;0;60;57
600;1563730813.5842;-0.05;27.400;255;255;172;21;104;154;0;60;57
601;1563730813.5891;-0.05;27.400;255;255;172;21;104;154;0;60;57
602;1563730813.5940;-0.05;27.340;255;255;172;21;92;155;0;60;57
603;1563730813.5992;-0.05;27.370;255;255;172;21;98;65;0;60;57
604;1563730813.6040;-0.05;27.340;255;255;172;21;92;155;0;60;57
605;1563730813.6090;-0.05;27.340;255;255;172;21;92;155;0;60;57
606;1563730813.6140;-0.05;27.360;255;255;172;21;96;35;0;60;57
607;1563730813.6191;-0.05;27.325;255;255;172;21;89;110;0;60;57
608;1563730813.6240;-0.05;27.325;255;255;172;21;89;110;0;60;57
609;1563730813.6290;-0.05;27.380;255;255;172;21;100;231;0;60;57
610;1563730813.6340;-0.05;27.365;255;255;172;21;97;18;0;60;57
611;1563730813.6390;0.00;27.360;0;0;129;21;96;35;0;60;57
612;1563730813.6440;-0.05;27.360;255;255;172;21;96;35;0;60;57
613;1563730813.6490;-0.05;27.370;255;255;172;21;98;65;0;60;57
614;1563730813.6540;-0.10;27.360;255;254;157;21;96;35;0;60;57
615;1563730813.6590;0.00;27.360;0;0;129;21;96;35;0;60;57
616;1563730813.6640;-0.05;27.340;255;255;172;21;92;155;0;60;57
617;1563730813.6689;0.00;27.340;0;0;129;21;92;155;0;60;57
618;1563730813.6740;-0.05;27.370;255;255;172;21;98;65;0;60;57
619;1563730813.6790;-0.05;27.370;255;255;172;21;98;65;0;60;57
620;1563730813.6840;0.00;27.380;0;0;129;21;100;231;0;60;57
621;1563730813.6890;-0.05;27.375;255;255;172;21;99;112;0;60;57
622;1563730813.6940;-0.05;27.375;255;255;172;21;99;112;0;60;57
623;1563730813.6990;-0.05;27.380;255;255;172;21;100;231;0;60;57
624;1563730813.7040;-0.05;27.370;255;255;172;21;98;65;0;60;57
625;1563730813.7090;-0.05;27.365;255;255;172;21;97;18;0;60;57
626;1563730813.7140;-0.05;27.365;255;255;172;21;97;18;0;60;57
627;1563730813.7190;-0.05;27.375;255;255;172;21;99;112;0;60;57
628;1563730813.7240;-0.05;27.370;255;255;172;21;98;65;0;60;57
629;1563730813.7290;0.00;27.370;0;0;129;21;98;65;0;60;57
630;1563730813.7340;-0.05;27.370;255;255;172;21;98;65;0;60;57
631;1563730813.7390;0.00;27.370;0;0;129;21;98;65;0;60;57
632;1563730813.7440;-0.05;27.365;255;255;172;21;97;18;0;60;57
633;1563730813.7490;-0.05;27.365;255;255;172;21;97;18;0;60;57
634;1563730813.7540;-0.10;27.355;255;254;157;21;95;200;0;60;57
635;1563730813.7590;-0.05;27.360;255;255;172;21;96;35;0;60;57
636;1563730813.7640;-0.10;27.370;255;254;157;21;98;65;0;60;57
637;1563730813.7690;-0.05;27.370;255;255;172;21;98;65;0;60;57
638;1563730813.7740;-0.10;27.340;255;254;157;21;92;155;0;60;57
639;1563730813.7790;-0.10;27.380;255;254;157;21;100;231;0;60;57
640;1563730813.7840;-0.05;27.380;255;255;172;21;100;231;0;60;57
641;1563730813.7889;-0.05;27.360;255;255;172;21;96;35;0;60;57
642;1563730813.7940;0.00;27.340;0;0;129;21;92;155;0;60;57
643;1563730813.7990;0.00;27.375;0;0;129;21;99;112;0;60;57
644;1563730813.8039;-0.05;27.375;255;255;172;21;99;112;0;60;57
645;1563730813.8090;-0.05;27.350;255;255;172;21;94;249;0;60;57
646;1563730813.8140;-0.05;27.330;255;255;172;21;90;61;0;60;57
647;1563730813.8190;-0.10;27.360;255;254;157;21;96;35;0;60;57
648;1563730813.8240;-0.05;27.360;255;255;172;21;96;35;0;60;57
649;1563730813.8290;-0.10;27.360;255;254;157;21;96;35;0;60;57
650;1563730813.8340;-0.05;27.380;255;255;172;21;100;231;0;60;57
651;1563730813.8390;0.00;27.380;0;0;129;21;100;231;0;60;57
652;1563730813.8440;-0.10;27.385;255;254;157;21;101;214;0;60;57
653;1563730813.8490;0.00;27.350;0;0;129;21;94;249;0;60;57
654;1563730813.8540;0.00;27.340;0;0;129;21;92;155;0;60;57
655;1563730813.8590;-0.05;27.340;255;255;172;21;92;155;0;60;57
656;1563730813.8640;-0.05;27.370;255;255;172;21;98;65;0;60;57
657;1563730813.8690;-0.05;27.345;255;255;172;21;93;170;0;60;57
658;1563730813.8740;-0.05;27.345;255;255;172;21;93;170;0;60;57
659;1563730813.8790;-0.10;27.360;255;254;157;21;96;35;0;60;57
660;1563730813.8840;-0.05;27.355;255;255;172;21;95;200;0;60;57
661;1563730813.8891;-0.05;27.345;255;255;172;21;93;170;0;60;57
662;1563730813.8940;-0.05;27.345;255;255;172;21;93;170;0;60;57
663;1563730813.8990;-0.05;27.360;255;255;172;21;96;35;0;60;57
664;1563730813.9040;-0.05;27.360;255;255;172;21;96;35;0;60;57
665;1563730813.9090;0.00;27.370;0;0;129;21;98;65;0;60;57
666;1563730813.9140;-0.05;27.370;255;255;172;21;98;65;0;60;57
667;1563730813.9190;-0.05;27.355;255;255;172;21;95;200;0;60;57
668;1563730813.9240;-0.10;27.370;255;254;157;21;98;65;0;60;57
669;1563730813.9291;-0.10;27.370;255;254;157;21;98;65;0;60;57
670;1563730813.9340;-0.05;27.340;255;255;172;21;92;155;0;60;57
671;1563730813.9390;-0.05;27.360;255;255;172;21;96;35;0;60;57
672;1563730813.9440;-0.05;27.355;255;255;172;21;95;200;0;60;57
673;1563730813.9490;-0.05;27.355;255;255;172;21;95;200;0;60;57
674;1563730813.9540;-0.10;27.385;255;254;157;21;101;214;0;60;57
675;1563730813.9590;-0.10;27.350;255;254;157;21;94;249;0;60;57
676;1563730813.9640;-0.05;27.350;255;255;172;21;94;249;0;60;57
677;1563730813.9690;-0.10;27.360;255;254;157;21;96;35;0;60;57
678;1563730813.9740;-0.05;27.360;255;255;172;21;96;35;0;60;57
679;1563730813.9790;0.00;27.355;0;0;129;21;95;200;0;60;57
680;1563730813.9840;-0.05;27.355;255;255;172;21;95;200;0;60;57
681;1563730813.9890;-0.05;27.380;255;255;172;21;100;231;0;60;57
682;1563730813.9940;-0.05;27.360;255;255;172;21;96;35;0;60;57
683;1563730813.9990;-0.05;27.370;255;255;172;21;98;65;0;60;57
684;1563730814.0040;-0.05;27.370;255;255;172;21;98;65;0;60;57
685;1563730814.0090;-0.05;27.340;255;255;172;21;92;155;0;60;57
686;1563730814.0140;-0.05;27.360;255;255;172;21;96;35;0;60;57
687;1563730814.0190;-0.05;27.360;255;255;172;21;96;35;0;60;57
688;1563730814.0241;-0.05;27.335;255;255;172;21;91;12;0;60;57
689;1563730814.0290;-0.05;27.380;255;255;172;21;100;231;0;60;57
690;1563730814.0340;-0.05;27.390;255;255;172;21;102;133;0;60;57
691;1563730814.0390;-0.05;27.390;255;255;172;21;102;133;0;60;57
692;1563730814.0440;-0.05;27.380;255;255;172;21;100;231;0;60;57
693;1563730814.0490;-0.05;27.370;255;255;172;21;98;65;0;60;57
694;1563730814.0540;-0.05;27.370;255;255;172;21;98;65;0;60;57
695;1563730814.0590;-0.05;27.365;255;255;172;21;97;18;0;60;57
696;1563730814.0640;-0.05;27.350;255;255;172;21;94;249;0;60;57
697;1563730814.0690;-0.05;27.380;255;255;172;21;100;231;0;60;57
698;1563730814.0740;-0.10;27.380;255;254;157;21;100;231;0;60;57
699;1563730814.0789;-0.05;27.360;255;255;172;21;96;35;0;60;57
700;1563730814.0840;0.00;27.360;0;0;129;21;96;35;0;60;57
701;1563730814.0890;-0.05;27.360;255;255;172;21;96;35;0;60;57
702;1563730814.0940;-0.05;27.370;255;255;172;21;98;65;0;60;57
703;1563730814.0990;-0.05;27.360;255;255;172;21;96;35;0;60;57
704;1563730814.1040;-0.05;27.360;255;255;172;21;96;35;0;60;57
705;1563730814.1090;-0.05;27.360;255;255;172;21;96;35;0;60;57
706;1563730814.1140;-0.05;27.330;255;255;172;21;90;61;0;60;57
707;1563730814.1190;-0.10;27.365;255;254;157;21;97;18;0;60;57
708;1563730814.1240;0.00;27.335;0;0;129;21;91;12;0;60;57
709;1563730814.1290;-0.05;27.335;255;255;172;21;91;12;0;60;57
710;1563730814.1340;-0.05;27.355;255;255;172;21;95;200;0;60;57
711;1563730814.1400;-0.05;27.360;255;255;172;21;96;35;0;60;57
712;1563730814.1450;-0.05;27.335;255;255;172;21;91;12;0;60;57
713;1563730814.1499;0.00;27.335;0;0;129;21;91;12;0;60;57
714;1563730814.1550;-0.05;27.330;255;255;172;21;90;61;0;60;57
715;1563730814.1600;-0.05;27.370;255;255;172;21;98;65;0;60;57
716;1563730814.1650;-0.05;27.370;255;255;172;21;98;65;0;60;57
717;1563730814.1700;0.00;27.385;0;0;129;21;101;214;0;60;57
718;1563730814.1751;-0.05;27.345;255;255;172;21;93;170;0;60;57
719;1563730814.1800;-0.10;27.370;255;254;157;21;98;65;0;60;57
720;1563730814.1851;-0.05;27.370;255;255;172;21;98;65;0;60;57
721;1563730814.1900;0.00;27.350;0;0;129;21;94;249;0;60;57
722;1563730814.1950;-0.05;27.345;255;255;172;21;93;170;0;60;57
723;1563730814.2000;0.00;27.375;0;0;129;21;99;112;0;60;57
724;1563730814.2050;-0.05;27.375;255;255;172;21;99;112;0;60;57
725;1563730814.2100;-0.05;27.375;255;255;172;21;99;112;0;60;57
726;1563730814.2150;-0.10;27.355;255;254;157;21;95;200;0;60;57
727;1563730814.2200;-0.05;27.355;255;255;172;21;95;200;0;60;57
728;1563730814.2250;-0.05;27.330;255;255;172;21;90;61;0;60;57
729;1563730814.2300;-0.05;27.340;255;255;172;21;92;155;0;60;57
730;1563730814.2350;-0.05;27.335;255;255;172;21;91;12;0;60;57
731;1563730814.2400;0.00;27.335;0;0;129;21;91;12;0;60;57
732;1563730814.2450;-0.05;27.360;255;255;172;21;96;35;0;60;57
733;1563730814.2500;-0.05;27.370;255;255;172;21;98;65;0;60;57
734;1563730814.2551;-0.05;27.370;255;255;172;21;98;65;0;60;57
735;1563730814.2600;-0.05;27.345;255;255;172;21;93;170;0;60;57
736;1563730814.2650;0.00;27.330;0;0;129;21;90;61;0;60;57
737;1563730814.2700;-0.05;27.330;255;255;172;21;90;61;0;60;57
738;1563730814.2750;-0.05;27.330;255;255;172;21;90;61;0;60;57
739;1563730814.2800;-0.05;27.330;255;255;172;21;90;61;0;60;57
740;1563730814.2850;-0.05;27.355;255;255;172;21;95;200;0;60;57
741;1563730814.2900;-0.05;27.400;255;255;172;21;104;154;0;60;57
742;1563730814.2951;-0.05;27.400;255;255;172;21;104;154;0;60;57
743;1563730814.3000;-0.10;27.380;255;254;157;21;100;231;0;60;57
744;1563730814.3051;-0.10;27.340;255;254;157;21;92;155;0;60;57
745;1563730814.3100;-0.05;27.340;255;255;172;21;92;155;0;60;57
746;1563730814.3152;-0.05;27.345;255;255;172;21;93;170;0;60;57
747;1563730814.3200;-0.05;27.355;255;255;172;21;95;200;0;60;57
748;1563730814.3251;-0.05;27.330;255;255;172;21;90;61;0;60;57
749;1563730814.3300;-0.05;27.330;255;255;172;21;90;61;0;60;57
750;1563730814.3351;-0.05;27.380;255;255;172;21;100;231;0;60;57
751;1563730814.3401;-0.05;27.390;255;255;172;21;102;133;0;60;57
752;1563730814.3451;-0.05;27.390;255;255;172;21;102;133;0;60;57
753;1563730814.3500;-0.05;27.340;255;255;172;21;92;155;0;60;57
754;1563730814.3550;-0.10;27.360;255;254;157;21;96;35;0;60;57
755;1563730814.3600;-0.05;27.370;255;255;172;21;98;65;0;60;57
756;1563730814.3650;-0.05;27.370;255;255;172;21;98;65;0;60;57
757;1563730814.3701;-0.05;27.360;255;255;172;21;96;35;0;60;57
758;1563730814.3750;-0.05;27.355;255;255;172;21;95;200;0;60;57
759;1563730814.3800;-0.05;27.355;255;255;172;21;95;200;0;60;57
760;1563730814.3850;0.00;27.375;0;0;129;21;99;112;0;60;57
761;1563730814.3900;0.00;27.360;0;0;129;21;96;35;0;60;57
762;1563730814.3951;-0.05;27.330;255;255;172;21;90;61;0;60;57
763;1563730814.4000;-0.10;27.330;255;254;157;21;90;61;0;60;57
764;1563730814.4051;-0.05;27.380;255;255;172;21;100;231;0;60;57
765;1563730814.4101;-0.10;27.345;255;254;157;21;93;170;0;60;57
766;1563730814.4150;-0.05;27.355;255;255;172;21;95;200;0;60;57
767;1563730814.4201;-0.05;27.355;255;255;172;21;95;200;0;60;57
768;1563730814.4251;-0.05;27.370;255;255;172;21;98;65;0;60;57
769;1563730814.4301;-0.05;27.360;255;255;172;21;96;35;0;60;57
770;1563730814.4352;0.00;27.360;0;0;129;21;96;35;0;60;57
771;1563730814.4400;0.00;27.355;0;0;129;21;95;200;0;60;57
772;1563730814.4492;-0.05;27.370;255;255;172;21;98;65;0;60;57
773;1563730814.4540;-0.05;27.360;255;255;172;21;96;35;0;60;57
774;1563730814.4590;0.00;27.370;0;0;129;21;98;65;0;60;57
775;1563730814.4640;0.00;27.355;0;0;129;21;95;200;0;60;57
776;1563730814.4690;-0.05;27.355;255;255;172;21;95;200;0;60;57
777;1563730814.4740;-0.10;27.355;255;254;157;21;95;200;0;60;57
778;1563730814.4790;-0.05;27.370;255;255;172;21;98;65;0;60;57
779;1563730814.4840;-0.05;27.360;255;255;172;21;96;35;0;60;57
780;1563730814.4890;-0.05;27.360;255;255;172;21;96;35;0;60;57
781;1563730814.4940;-0.05;27.375;255;255;172;21;99;112;0;60;57
782;1563730814.4990;-0.05;27.380;255;255;172;21;100;231;0;60;57
783;1563730814.5040;-0.05;27.380;255;255;172;21;100;231;0;60;57
784;1563730814.5090;-0.10;27.360;255;254;157;21;96;35;0;60;57
785;1563730814.5140;-0.05;27.305;255;255;172;21;85;19;0;60;57
786;1563730814.5190;-0.05;27.360;255;255;172;21;96;35;0;60;57
787;1563730814.5241;-0.05;27.360;255;255;172;21;96;35;0;60;57
788;1563730814.5290;-0.05;27.340;255;255;172;21;92;155;0;60;57
789;1563730814.5340;-0.05;27.360;255;255;172;21;96;35;0;60;57
790;1563730814.5391;-0.05;27.360;255;255;172;21;96;35;0;60;57
791;1563730814.5440;-0.05;27.350;255;255;172;21;94;249;0;60;57
792;1563730814.5490;0.00;27.370;0;0;129;21;98;65;0;60;57
793;1563730814.5540;-0.05;27.375;255;255;172;21;99;112;0;60;57
794;1563730814.5591;-0.05;27.375;255;255;172;21;99;112;0;60;57
795;1563730814.5640;-0.05;27.350;255;255;172;21;94;249;0;60;57
796;1563730814.5690;0.00;27.380;0;0;129;21;100;231;0;60;57
797;1563730814.5741;-0.05;27.380;255;255;172;21;100;231;0;60;57
798;1563730814.5791;-0.05;27.360;255;255;172;21;96;35;0;60;57
799;1563730814.5841;-0.10;27.355;255;254;157;21;95;200;0;60;57
800;1563730814.5890;-0.05;27.325;255;255;172;21;89;110;0;60;57
801;1563730814.5940;-0.05;27.325;255;255;172;21;89;110;0;60;57
802;1563730814.5991;-0.05;27.360;255;255;172;21;96;35;0;60;57
803;1563730814.6040;-0.05;27.360;255;255;172;21;96;35;0;60;57
804;1563730814.6091;0.00;27.400;0;0;129;21;104;154;0;60;57
805;1563730814.6140;-0.10;27.400;255;254;157;21;104;154;0;60;57
806;1563730814.6190;0.00;27.340;0;0;129;21;92;155;0;60;57
807;1563730814.6242;-0.05;27.360;255;255;172;21;96;35;0;60;57
808;1563730814.6291;0.00;27.360;0;0;129;21;96;35;0;60;57
809;1563730814.6340;0.00;27.340;0;0;129;21;92;155;0;60;57
810;1563730814.6390;-0.05;27.360;255;255;172;21;96;35;0;60;57
811;1563730814.6440;-0.05;27.375;255;255;172;21;99;112;0;60;57
812;1563730814.6490;-0.05;27.375;255;255;172;21;99;112;0;60;57
813;1563730814.6540;-0.10;27.370;255;254;157;21;98;65;0;60;57
814;1563730814.6590;-0.10;27.365;255;254;157;21;97;18;0;60;57
815;1563730814.6640;-0.05;27.365;255;255;172;21;97;18;0;60;57
816;1563730814.6691;-0.05;27.360;255;255;172;21;96;35;0;60;57
817;1563730814.6741;-0.10;27.355;255;254;157;21;95;200;0;60;57
818;1563730814.6792;-0.05;27.360;255;255;172;21;96;35;0;60;57
819;1563730814.6840;0.00;27.360;0;0;129;21;96;35;0;60;57
820;1563730814.6891;0.00;27.360;0;0;129;21;96;35;0;60;57
821;1563730814.6941;-0.05;27.375;255;255;172;21;99;112;0;60;57
822;1563730814.6991;-0.05;27.355;255;255;172;21;95;200;0;60;57
823;1563730814.7040;-0.05;27.355;255;255;172;21;95;200;0;60;57
824;1563730814.7090;-0.05;27.360;255;255;172;21;96;35;0;60;57
825;1563730814.7140;-0.10;27.360;255;254;157;21;96;35;0;60;57
826;1563730814.7191;-0.05;27.360;255;255;172;21;96;35;0;60;57
827;1563730814.7240;-0.05;27.350;255;255;172;21;94;249;0;60;57
828;1563730814.7290;-0.05;27.385;255;255;172;21;101;214;0;60;57
829;1563730814.7340;-0.05;27.365;255;255;172;21;97;18;0;60;57
830;1563730814.7390;-0.05;27.365;255;255;172;21;97;18;0;60;57
831;1563730814.7440;-0.05;27.365;255;255;172;21;97;18;0;60;57
832;1563730814.7491;0.00;27.345;0;0;129;21;93;170;0;60;57
833;1563730814.7540;-0.10;27.345;255;254;157;21;93;170;0;60;57
834;1563730814.7590;-0.05;27.375;255;255;172;21;99;112;0;60;57
835;1563730814.7640;0.00;27.350;0;0;129;21;94;249;0;60;57
836;1563730814.7690;0.00;27.360;0;0;129;21;96;35;0;60;57
837;1563730814.7740;-0.10;27.360;255;254;157;21;96;35;0;60;57
838;1563730814.7791;-0.05;27.340;255;255;172;21;92;155;0;60;57
839;1563730814.7841;-0.05;27.360;255;255;172;21;96;35;0;60;57
840;1563730814.7890;0.00;27.360;0;0;129;21;96;35;0;60;57
841;1563730814.7940;-0.05;27.360;255;255;172;21;96;35;0;60;57
842;1563730814.7991;-0.05;27.390;255;255;172;21;102;133;0;60;57
843;1563730814.8041;-0.05;27.345;255;255;172;21;93;170;0;60;57
844;1563730814.8091;0.00;27.345;0;0;129;21;93;170;0;60;57
845;1563730814.8141;0.00;27.360;0;0;129;21;96;35;0;60;57
846;1563730814.8192;-0.05;27.360;255;255;172;21;96;35;0;60;57
847;1563730814.8241;-0.05;27.350;255;255;172;21;94;249;0;60;57
848;1563730814.8291;-0.05;27.350;255;255;172;21;94;249;0;60;57
849;1563730814.8341;-0.05;27.345;255;255;172;21;93;170;0;60;57
850;1563730814.8392;0.00;27.385;0;0;129;21;101;214;0;60;57
851;1563730814.8441;-0.05;27.385;255;255;172;21;101;214;0;60;57
852;1563730814.8491;-0.05;27.340;255;255;172;21;92;155;0;60;57
853;1563730814.8541;-0.10;27.370;255;254;157;21;98;65;0;60;57
854;1563730814.8591;-0.05;27.360;255;255;172;21;96;35;0;60;57
855;1563730814.8640;-0.05;27.360;255;255;172;21;96;35;0;60;57
856;1563730814.8690;-0.05;27.360;255;255;172;21;96;35;0;60;57
857;1563730814.8740;-0.05;27.385;255;255;172;21;101;214;0;60;57
858;1563730814.8790;-0.05;27.360;255;255;172;21;96;35;0;60;57
859;1563730814.8841;-0.05;27.360;255;255;172;21;96;35;0;60;57
860;1563730814.8890;-0.05;27.370;255;255;172;21;98;65;0;60;57
861;1563730814.8940;-0.05;27.365;255;255;172;21;97;18;0;60;57
862;1563730814.8991;0.00;27.365;0;0;129;21;97;18;0;60;57
863;1563730814.9040;-0.05;27.320;255;255;172;21;88;95;0;60;57
864;1563730814.9090;-0.05;27.345;255;255;172;21;93;170;0;60;57
865;1563730814.9141;-0.05;27.380;255;255;172;21;100;231;0;60;57
866;1563730814.9191;0.00;27.380;0;0;129;21;100;231;0;60;57
867;1563730814.9241;0.00;27.345;0;0;129;21;93;170;0;60;57
868;1563730814.9290;0.00;27.370;0;0;129;21;98;65;0;60;57
869;1563730814.9341;0.00;27.370;0;0;129;21;98;65;0;60;57
870;1563730814.9390;-0.10;27.385;255;254;157;21;101;214;0;60;57
871;1563730814.9441;-0.05;27.365;255;255;172;21;97;18;0;60;57
872;1563730814.9490;-0.05;27.340;255;255;172;21;92;155;0;60;57
873;1563730814.9541;-0.05;27.340;255;255;172;21;92;155;0;60;57
874;1563730814.9591;-0.05;27.385;255;255;172;21;101;214;0;60;57
875;1563730814.9642;-0.10;27.355;255;254;157;21;95;200;0;60;57
876;1563730814.9691;-0.05;27.340;255;255;172;21;92;155;0;60;57
877;1563730814.9741;0.05;27.340;0;1;176;21;92;155;0;60;57
878;1563730814.9791;-0.10;27.340;255;254;157;21;92;155;0;60;57
879;1563730814.9840;-0.05;27.350;255;255;172;21;94;249;0;60;57
880;1563730814.9889;-0.05;27.350;255;255;172;21;94;249;0;60;57
881;1563730814.9940;0.00;27.330;0;0;129;21;90;61;0;60;57
882;1563730814.9990;-0.05;27.365;255;255;172;21;97;18;0;60;57
883;1563730815.0041;-0.05;27.360;255;255;172;21;96;35;0;60;57
884;1563730815.0090;-0.05;27.360;255;255;172;21;96;35;0;60;57
885;1563730815.0140;-0.05;27.375;255;255;172;21;99;112;0;60;57
886;1563730815.0190;-0.05;27.355;255;255;172;21;95;200;0;60;57
887;1563730815.0241;-0.10;27.355;255;254;157;21;95;200;0;60;57
888;1563730815.0290;-0.05;27.360;255;255;172;21;96;35;0;60;57
889;1563730815.0341;-0.05;27.340;255;255;172;21;92;155;0;60;57
890;1563730815.0390;-0.10;27.335;255;254;157;21;91;12;0;60;57
891;1563730815.0441;-0.05;27.335;255;255;172;21;91;12;0;60;57
892;1563730815.0491;-0.05;27.360;255;255;172;21;96;35;0;60;57
893;1563730815.0541;0.00;27.350;0;0;129;21;94;249;0;60;57
894;1563730815.0591;-0.05;27.350;255;255;172;21;94;249;0;60;57
895;1563730815.0641;-0.05;27.340;255;255;172;21;92;155;0;60;57
896;1563730815.0691;-0.10;27.340;255;254;157;21;92;155;0;60;57
897;1563730815.0742;-0.10;27.360;255;254;157;21;96;35;0;60;57
898;1563730815.0790;-0.05;27.360;255;255;172;21;96;35;0;60;57
899;1563730815.0841;-0.05;27.365;255;255;172;21;97;18;0;60;57
900;1563730815.0891;0.00;27.360;0;0;129;21;96;35;0;60;57
901;1563730815.0940;-0.05;27.370;255;255;172;21;98;65;0;60;57
902;1563730815.0991;0.00;27.370;0;0;129;21;98;65;0;60;57
903;1563730815.1040;0.00;27.365;0;0;129;21;97;18;0;60;57
904;1563730815.1090;-0.05;27.370;255;255;172;21;98;65;0;60;57
905;1563730815.1140;-0.05;27.370;255;255;172;21;98;65;0;60;57
906;1563730815.1190;-0.05;27.370;255;255;172;21;98;65;0;60;57
907;1563730815.1239;-0.05;27.325;255;255;172;21;89;110;0;60;57
908;1563730815.1290;-0.05;27.335;255;255;172;21;91;12;0;60;57
909;1563730815.1340;-0.10;27.335;255;254;157;21;91;12;0;60;57
910;1563730815.1390;-0.05;27.340;255;255;172;21;92;155;0;60;57
911;1563730815.1440;-0.05;27.360;255;255;172;21;96;35;0;60;57
912;1563730815.1490;0.00;27.360;0;0;129;21;96;35;0;60;57
913;1563730815.1540;-0.05;27.340;255;255;172;21;92;155;0;60;57
914;1563730815.1591;-0.05;27.335;255;255;172;21;91;12;0;60;57
915;1563730815.1640;-0.05;27.395;255;255;172;21;103;180;0;60;57
916;1563730815.1691;-0.05;27.395;255;255;172;21;103;180;0;60;57
917;1563730815.1741;-0.05;27.400;255;255;172;21;104;154;0;60;57
918;1563730815.1791;-0.05;27.380;255;255;172;21;100;231;0;60;57
919;1563730815.1840;-0.05;27.360;255;255;172;21;96;35;0;60;57
920;1563730815.1891;-0.05;27.360;255;255;172;21;96;35;0;60;57
921;1563730815.1941;-0.05;27.365;255;255;172;21;97;18;0;60;57
922;1563730815.1990;-0.05;27.335;255;255;172;21;91;12;0;60;57
923;1563730815.2040;-0.10;27.335;255;254;157;21;91;12;0;60;57
924;1563730815.2091;-0.05;27.380;255;255;172;21;100;231;0;60;57
925;1563730815.2140;-0.05;27.360;255;255;172;21;96;35;0;60;57
926;1563730815.2190;-0.05;27.385;255;255;172;21;101;214;0;60;57
927;1563730815.2240;0.00;27.385;0;0;129;21;101;214;0;60;57
928;1563730815.2290;-0.05;27.380;255;255;172;21;100;231;0;60;57
929;1563730815.2341;-0.05;27.330;255;255;172;21;90;61;0;60;57
930;1563730815.2390;-0.05;27.330;255;255;172;21;90;61;0;60;57
931;1563730815.2440;-0.05;27.350;255;255;172;21;94;249;0;60;57
932;1563730815.2490;-0.05;27.365;255;255;172;21;97;18;0;60;57
933;1563730815.2541;-0.05;27.380;255;255;172;21;100;231;0;60;57
934;1563730815.2590;-0.05;27.380;255;255;172;21;100;231;0;60;57
935;1563730815.2641;-0.05;27.375;255;255;172;21;99;112;0;60;57
936;1563730815.2690;-0.05;27.340;255;255;172;21;92;155;0;60;57
937;1563730815.2741;-0.05;27.360;255;255;172;21;96;35;0;60;57
938;1563730815.2791;-0.05;27.360;255;255;172;21;96;35;0;60;57
939;1563730815.2840;-0.05;27.375;255;255;172;21;99;112;0;60;57
940;1563730815.2891;0.00;27.360;0;0;129;21;96;35;0;60;57
941;1563730815.2941;-0.05;27.360;255;255;172;21;96;35;0;60;57
942;1563730815.2991;-0.05;27.340;255;255;172;21;92;155;0;60;57
943;1563730815.3042;0.00;27.335;0;0;129;21;91;12;0;60;57
944;1563730815.3091;0.00;27.345;0;0;129;21;93;170;0;60;57
945;1563730815.3142;-0.10;27.345;255;254;157;21;93;170;0;60;57
946;1563730815.3191;0.00;27.335;0;0;129;21;91;12;0;60;57
947;1563730815.3242;-0.05;27.340;255;255;172;21;92;155;0;60;57
948;1563730815.3291;-0.05;27.340;255;255;172;21;92;155;0;60;57
949;1563730815.3341;-0.10;27.360;255;254;157;21;96;35;0;60;57
950;1563730815.3391;-0.05;27.380;255;255;172;21;100;231;0;60;57
951;1563730815.3441;0.00;27.375;0;0;129;21;99;112;0;60;57
952;1563730815.3490;-0.05;27.375;255;255;172;21;99;112;0;60;57
953;1563730815.3541;-0.05;27.360;255;255;172;21;96;35;0;60;57
954;1563730815.3590;-0.05;27.370;255;255;172;21;98;65;0;60;57
955;1563730815.3640;0.00;27.320;0;0;129;21;88;95;0;60;57
956;1563730815.3690;0.00;27.320;0;0;129;21;88;95;0;60;57
957;1563730815.3740;-0.05;27.340;255;255;172;21;92;155;0;60;57
958;1563730815.3790;-0.05;27.365;255;255;172;21;97;18;0;60;57
959;1563730815.3840;0.00;27.365;0;0;129;21;97;18;0;60;57
960;1563730815.3890;-0.05;27.360;255;255;172;21;96;35;0;60;57
961;1563730815.3940;-0.05;27.370;255;255;172;21;98;65;0;60;57
962;1563730815.3991;-0.10;27.340;255;254;157;21;92;155;0;60;57
963;1563730815.4040;-0.05;27.340;255;255;172;21;92;155;0;60;57
964;1563730815.4091;-0.05;27.370;255;255;172;21;98;65;0;60;57
965;1563730815.4141;-0.05;27.360;255;255;172;21;96;35;0;60;57
966;1563730815.4191;0.00;27.360;0;0;129;21;96;35;0;60;57
967;1563730815.4240;-0.05;27.340;255;255;172;21;92;155;0;60;57
968;1563730815.4292;0.00;27.360;0;0;129;21;96;35;0;60;57
969;1563730815.4341;-0.05;27.370;255;255;172;21;98;65;0;60;57
970;1563730815.4390;0.00;27.370;0;0;129;21;98;65;0;60;57
971;1563730815.4440;-0.05;27.360;255;255;172;21;96;35;0;60;57
972;1563730815.4490;-0.05;27.360;255;255;172;21;96;35;0;60;57
973;1563730815.4540;-0.05;27.385;255;255;172;21;101;214;0;60;57
974;1563730815.4590;-0.05;27.385;255;255;172;21;101;214;0;60;57
975;1563730815.4640;-0.05;27.355;255;255;172;21;95;200;0;60;57
976;1563730815.4690;-0.05;27.385;255;255;172;21;101;214;0;60;57
977;1563730815.4740;0.00;27.385;0;0;129;21;101;214;0;60;57
978;1563730815.4791;-0.05;27.360;255;255;172;21;96;35;0;60;57
979;1563730815.4840;-0.05;27.355;255;255;172;21;95;200;0;60;57
980;1563730815.4891;-0.05;27.365;255;255;172;21;97;18;0;60;57
981;1563730815.4940;0.00;27.365;0;0;129;21;97;18;0;60;57
982;1563730815.4991;-0.05;27.360;255;255;172;21;96;35;0;60;57
983;1563730815.5040;-0.05;27.370;255;255;172;21;98;65;0;60;57
984;1563730815.5090;0.00;27.370;0;0;129;21;98;65;0;60;57
985;1563730815.5140;-0.05;27.380;255;255;172;21;100;231;0;60;57
986;1563730815.5190;-0.05;27.385;255;255;172;21;101;214;0;60;57
987;1563730815.5241;-0.05;27.365;255;255;172;21;97;18;0;60;57
988;1563730815.5290;-0.10;27.365;255;254;157;21;97;18;0;60;57
989;1563730815.5341;-0.05;27.360;255;255;172;21;96;35;0;60;57
990;1563730815.5390;-0.10;27.380;255;254;157;21;100;231;0;60;57
991;1563730815.5440;-0.10;27.380;255;254;157;21;100;231;0;60;57
992;1563730815.5490;-0.05;27.375;255;255;172;21;99;112;0;60;57
993;1563730815.5541;-0.05;27.375;255;255;172;21;99;112;0;60;57
994;1563730815.5591;0.00;27.365;0;0;129;21;97;18;0;60;57
995;1563730815.5640;-0.05;27.365;255;255;172;21;97;18;0;60;57
996;1563730815.5692;-0.10;27.360;255;254;157;21;96;35;0;60;57
997;1563730815.5741;-0.05;27.350;255;255;172;21;94;249;0;60;57
998;1563730815.5792;-0.05;27.360;255;255;172;21;96;35;0;60;57
999;1563730815.5842;-0.05;27.360;255;255;172;21;96;35;0;60;57
1000;1563730815.5891;-0.05;27.360;255;255;172;21;96;35;0;60;57
1001;1563730815.5941;0.00;27.360;0;0;129;21;96;35;0;60;57
1002;1563730815.5991;-0.05;27.360;255;255;172;21;96;35;0;60;57
1003;1563730815.6040;-0.05;27.360;255;255;172;21;96;35;0;60;57
1004;1563730815.6090;0.00;27.340;0;0;129;21;92;155;0;60;57
1005;1563730815.6140;-0.05;27.360;255;255;172;21;96;35;0;60;57
1006;1563730815.6190;-0.05;27.360;255;255;172;21;96;35;0;60;57
1007;1563730815.6240;-0.05;27.385;255;255;172;21;101;214;0;60;57
1008;1563730815.6291;-0.05;27.375;255;255;172;21;99;112;0;60;57
1009;1563730815.6340;-0.05;27.375;255;255;172;21;99;112;0;60;57
1010;1563730815.6390;-0.05;27.365;255;255;172;21;97;18;0;60;57
1011;1563730815.6441;-0.05;27.340;255;255;172;21;92;155;0;60;57
1012;1563730815.6490;-0.05;27.350;255;255;172;21;94;249;0;60;57
1013;1563730815.6541;0.00;27.350;0;0;129;21;94;249;0;60;57
1014;1563730815.6591;-0.05;27.355;255;255;172;21;95;200;0;60;57
1015;1563730815.6640;-0.05;27.365;255;255;172;21;97;18;0;60;57
1016;1563730815.6690;-0.05;27.375;255;255;172;21;99;112;0;60;57
1017;1563730815.6740;-0.05;27.375;255;255;172;21;99;112;0;60;57
1018;1563730815.6792;-0.05;27.320;255;255;172;21;88;95;0;60;57
1019;1563730815.6842;-0.05;27.340;255;255;172;21;92;155;0;60;57
1020;1563730815.6891;-0.10;27.340;255;254;157;21;92;155;0;60;57
1021;1563730815.6941;-0.05;27.375;255;255;172;21;99;112;0;60;57
1022;1563730815.6991;-0.05;27.345;255;255;172;21;93;170;0;60;57
1023;1563730815.7041;-0.05;27.385;255;255;172;21;101;214;0;60;57
1024;1563730815.7090;-0.05;27.385;255;255;172;21;101;214;0;60;57
1025;1563730815.7141;-0.05;27.380;255;255;172;21;100;231;0;60;57
1026;1563730815.7191;0.00;27.350;0;0;129;21;94;249;0;60;57
1027;1563730815.7240;-0.05;27.350;255;255;172;21;94;249;0;60;57
1028;1563730815.7291;-0.05;27.370;255;255;172;21;98;65;0;60;57
1029;1563730815.7342;-0.05;27.355;255;255;172;21;95;200;0;60;57
1030;1563730815.7391;-0.10;27.400;255;254;157;21;104;154;0;60;57
1031;1563730815.7440;-0.05;27.400;255;255;172;21;104;154;0;60;57
1032;1563730815.7489;-0.10;27.360;255;254;157;21;96;35;0;60;57
1033;1563730815.7541;0.00;27.370;0;0;129;21;98;65;0;60;57
1034;1563730815.7590;-0.05;27.370;255;255;172;21;98;65;0;60;57
1035;1563730815.7641;-0.05;27.370;255;255;172;21;98;65;0;60;57
1036;1563730815.7690;-0.05;27.355;255;255;172;21;95;200;0;60;57
1037;1563730815.7740;-0.05;27.380;255;255;172;21;100;231;0;60;57
1038;1563730815.7791;-0.05;27.380;255;255;172;21;100;231;0;60;57
1039;1563730815.7840;-0.05;27.370;255;255;172;21;98;65;0;60;57
1040;1563730815.7890;0.00;27.390;0;0;129;21;102;133;0;60;57
1041;1563730815.7940;-0.05;27.345;255;255;172;21;93;170;0;60;57
1042;1563730815.7991;-0.05;27.345;255;255;172;21;93;170;0;60;57
1043;1563730815.8041;-0.05;27.365;255;255;172;21;97;18;0;60;57
1044;1563730815.8090;0.00;27.375;0;0;129;21;99;112;0;60;57
1045;1563730815.8140;-0.05;27.375;255;255;172;21;99;112;0;60;57
1046;1563730815.8190;0.00;27.355;0;0;129;21;95;200;0;60;57
1047;1563730815.8240;-0.05;27.350;255;255;172;21;94;249;0;60;57
1048;1563730815.8290;0.00;27.365;0;0;129;21;97;18;0;60;57
1049;1563730815.8341;-0.05;27.365;255;255;172;21;97;18;0;60;57
1050;1563730815.8391;-0.05;27.360;255;255;172;21;96;35;0;60;57
1051;1563730815.8440;0.00;27.380;0;0;129;21;100;231;0;60;57
1052;1563730815.8492;-0.05;27.340;255;255;172;21;92;155;0;60;57
1053;1563730815.8540;0.00;27.340;0;0;129;21;92;155;0;60;57
1054;1563730815.8591;-0.05;27.360;255;255;172;21;96;35;0;60;57
1055;1563730815.8641;-0.05;27.350;255;255;172;21;94;249;0;60;57
1056;1563730815.8690;-0.10;27.350;255;254;157;21;94;249;0;60;57
1057;1563730815.8740;-0.10;27.365;255;254;157;21;97;18;0;60;57
1058;1563730815.8790;-0.05;27.355;255;255;172;21;95;200;0;60;57
1059;1563730815.8841;-0.05;27.365;255;255;172;21;97;18;0;60;57
1060;1563730815.8890;-0.05;27.365;255;255;172;21;97;18;0;60;57
1061;1563730815.8940;-0.05;27.370;255;255;172;21;98;65;0;60;57
1062;1563730815.8990;-0.05;27.345;255;255;172;21;93;170;0;60;57
1063;1563730815.9041;-0.05;27.345;255;255;172;21;93;170;0;60;57
1064;1563730815.9090;-0.10;27.365;255;254;157;21;97;18;0;60;57
1065;1563730815.9141;-0.05;27.365;255;255;172;21;97;18;0;60;57
1066;1563730815.9191;-0.05;27.340;255;255;172;21;92;155;0;60;57
1067;1563730815.9241;-0.10;27.340;255;254;157;21;92;155;0;60;57
1068;1563730815.9291;-0.05;27.390;255;255;172;21;102;133;0;60;57
1069;1563730815.9341;-0.05;27.375;255;255;172;21;99;112;0;60;57
1070;1563730815.9390;0.00;27.360;0;0;129;21;96;35;0;60;57
1071;1563730815.9441;-0.10;27.360;255;254;157;21;96;35;0;60;57
1072;1563730815.9490;-0.05;27.380;255;255;172;21;100;231;0;60;57
1073;1563730815.9542;-0.05;27.390;255;255;172;21;102;133;0;60;57
1074;1563730815.9591;-0.05;27.390;255;255;172;21;102;133;0;60;57
1075;1563730815.9641;0.00;27.385;0;0;129;21;101;214;0;60;57
1076;1563730815.9692;0.00;27.370;0;0;129;21;98;65;0;60;57
1077;1563730815.9741;-0.05;27.365;255;255;172;21;97;18;0;60;57
1078;1563730815.9791;-0.05;27.365;255;255;172;21;97;18;0;60;57
1079;1563730815.9840;-0.05;27.355;255;255;172;21;95;200;0;60;57
1080;1563730815.9890;0.00;27.370;0;0;129;21;98;65;0;60;57
1081;1563730815.9940;-0.05;27.370;255;255;172;21;98;65;0;60;57
1082;1563730815.9990;-0.05;27.340;255;255;172;21;92;155;0;60;57
1083;1563730816.0040;-0.05;27.360;255;255;172;21;96;35;0;60;57
1084;1563730816.0090;-0.10;27.345;255;254;157;21;93;170;0;60;57
1085;1563730816.0140;0.00;27.345;0;0;129;21;93;170;0;60;57
1086;1563730816.0191;-0.05;27.360;255;255;172;21;96;35;0;60;57
1087;1563730816.0240;-0.05;27.340;255;255;172;21;92;155;0;60;57
1088;1563730816.0290;-0.05;27.340;255;255;172;21;92;155;0;60;57
1089;1563730816.0340;0.00;27.350;0;0;129;21;94;249;0;60;57
1090;1563730816.0390;-0.05;27.325;255;255;172;21;89;110;0;60;57
1091;1563730816.0440;-0.05;27.360;255;255;172;21;96;35;0;60;57
1092;1563730816.0490;-0.10;27.360;255;254;157;21;96;35;0;60;57
1093;1563730816.0541;-0.05;27.375;255;255;172;21;99;112;0;60;57
1094;1563730816.0591;-0.05;27.360;255;255;172;21;96;35;0;60;57
1095;1563730816.0641;-0.10;27.360;255;254;157;21;96;35;0;60;57
1096;1563730816.0691;-0.05;27.360;255;255;172;21;96;35;0;60;57
1097;1563730816.0741;-0.05;27.345;255;255;172;21;93;170;0;60;57
1098;1563730816.0791;-0.05;27.375;255;255;172;21;99;112;0;60;57
1099;1563730816.0841;-0.05;27.375;255;255;172;21;99;112;0;60;57
1100;1563730816.0891;-0.05;27.330;255;255;172;21;90;61;0;60;57
1101;1563730816.0941;0.00;27.360;0;0;129;21;96;35;0;60;57
1102;1563730816.0991;-0.05;27.375;255;255;172;21;99;112;0;60;57
1103;1563730816.1041;-0.05;27.375;255;255;172;21;99;112;0;60;57
1104;1563730816.1091;-0.05;27.360;255;255;172;21;96;35;0;60;57
1105;1563730816.1141;0.00;27.360;0;0;129;21;96;35;0;60;57
1106;1563730816.1190;0.00;27.360;0;0;129;21;96;35;0;60;57
1107;1563730816.1240;-0.05;27.360;255;255;172;21;96;35;0;60;57
1108;1563730816.1290;-0.10;27.360;255;254;157;21;96;35;0;60;57
1109;1563730816.1339;-0.05;27.340;255;255;172;21;92;155;0;60;57
1110;1563730816.1391;-0.05;27.340;255;255;172;21;92;155;0;60;57
1111;1563730816.1440;-0.05;27.335;255;255;172;21;91;12;0;60;57
1112;1563730816.1490;-0.05;27.360;255;255;172;21;96;35;0;60;57
1113;1563730816.1540;-0.05;27.365;255;255;172;21;97;18;0;60;57
1114;1563730816.1591;-0.10;27.365;255;254;157;21;97;18;0;60;57
1115;1563730816.1642;-0.05;27.345;255;255;172;21;93;170;0;60;57
1116;1563730816.1691;-0.05;27.380;255;255;172;21;100;231;0;60;57
1117;1563730816.1741;-0.05;27.380;255;255;172;21;100;231;0;60;57
1118;1563730816.1790;-0.05;27.340;255;255;172;21;92;155;0;60;57
1119;1563730816.1841;-0.05;27.375;255;255;172;21;99;112;0;60;57
1120;1563730816.1891;-0.05;27.380;255;255;172;21;100;231;0;60;57
1121;1563730816.1941;-0.05;27.380;255;255;172;21;100;231;0;60;57
1122;1563730816.1992;0.00;27.380;0;0;129;21;100;231;0;60;57
1123;1563730816.2041;-0.10;27.360;255;254;157;21;96;35;0;60;57
1124;1563730816.2092;-0.05;27.360;255;255;172;21;96;35;0;60;57
1125;1563730816.2140;-0.05;27.345;255;255;172;21;93;170;0;60;57
1126;1563730816.2190;-0.05;27.345;255;255;172;21;93;170;0;60;57
1127;1563730816.2241;-0.05;27.350;255;255;172;21;94;249;0;60;57
1128;1563730816.2290;-0.05;27.350;255;255;172;21;94;249;0;60;57
1129;1563730816.2340;-0.05;27.350;255;255;172;21;94;249;0;60;57
1130;1563730816.2390;0.00;27.330;0;0;129;21;90;61;0;60;57
1131;1563730816.2440;-0.05;27.370;255;255;172;21;98;65;0;60;57
1132;1563730816.2490;-0.05;27.370;255;255;172;21;98;65;0;60;57
1133;1563730816.2539;-0.05;27.390;255;255;172;21;102;133;0;60;57
1134;1563730816.2590;-0.05;27.360;255;255;172;21;96;35;0;60;57
1135;1563730816.2640;-0.10;27.360;255;254;157;21;96;35;0;60;57
1136;1563730816.2690;-0.05;27.380;255;255;172;21;100;231;0;60;57
1137;1563730816.2740;-0.05;27.320;255;255;172;21;88;95;0;60;57
1138;1563730816.2791;-0.05;27.340;255;255;172;21;92;155;0;60;57
1139;1563730816.2840;-0.05;27.340;255;255;172;21;92;155;0;60;57
1140;1563730816.2892;-0.05;27.355;255;255;172;21;95;200;0;60;57
1141;1563730816.2941;0.00;27.365;0;0;129;21;97;18;0;60;57
1142;1563730816.2991;-0.05;27.365;255;255;172;21;97;18;0;60;57
1143;1563730816.3040;0.00;27.380;0;0;129;21;100;231;0;60;57
1144;1563730816.3092;-0.10;27.365;255;254;157;21;97;18;0;60;57
1145;1563730816.3140;0.00;27.360;0;0;129;21;96;35;0;60;57
1146;1563730816.3191;-0.05;27.360;255;255;172;21;96;35;0;60;57
1147;1563730816.3240;-0.05;27.380;255;255;172;21;100;231;0;60;57
1148;1563730816.3291;-0.05;27.360;255;255;172;21;96;35;0;60;57
1149;1563730816.3340;0.00;27.340;0;0;129;21;92;155;0;60;57
1150;1563730816.3391;-0.05;27.340;255;255;172;21;92;155;0;60;57
1151;1563730816.3440;-0.10;27.355;255;254;157;21;95;200;0;60;57
1152;1563730816.3490;-0.05;27.355;255;255;172;21;95;200;0;60;57
