0;1563727585.4294;0.00;26.835
1;1563727585.4344;0.00;26.830
2;1563727585.4394;0.00;26.820
3;1563727585.4443;0.05;26.845
4;1563727585.4494;0.00;26.845
5;1563727585.4543;0.00;26.820
6;1563727585.4593;0.05;26.805
7;1563727585.4643;0.05;26.805
8;1563727585.4694;0.00;26.840
9;1563727585.4744;0.00;26.840
10;1563727585.4794;0.00;26.870
11;1563727585.4845;0.00;26.870
12;1563727585.4894;0.00;26.840
13;1563727585.4944;0.00;26.860
14;1563727585.5014;0.05;26.835
15;1563727585.5065;0.05;26.845
16;1563727585.5115;0.05;26.845
17;1563727585.5165;0.05;26.830
18;1563727585.5214;0.00;26.860
19;1563727585.5265;0.00;26.860
20;1563727585.5315;0.00;26.850
21;1563727585.5365;0.00;26.860
22;1563727585.5414;0.00;26.845
23;1563727585.5464;0.05;26.845
24;1563727585.5515;0.00;26.865
25;1563727585.5565;0.00;26.845
26;1563727585.5614;0.05;26.845
27;1563727585.5664;0.00;26.885
28;1563727585.5715;0.00;26.870
29;1563727585.5764;0.00;26.875
30;1563727585.5814;0.05;26.875
31;1563727585.5863;0.05;26.845
32;1563727585.5914;0.05;26.850
33;1563727585.5964;0.00;26.870
34;1563727585.6014;0.05;26.870
35;1563727585.6063;0.05;26.915
36;1563727585.6114;0.05;26.850
37;1563727585.6164;0.00;26.850
38;1563727585.6214;0.05;26.880
39;1563727585.6265;0.00;26.885
40;1563727585.6315;0.00;26.870
41;1563727585.6365;0.00;26.870
42;1563727585.6415;0.00;26.855
43;1563727585.6465;0.05;26.860
44;1563727585.6514;0.05;26.860
45;1563727585.6564;0.00;26.865
46;1563727585.6613;0.00;26.885
47;1563727585.6663;0.00;26.885
48;1563727585.6714;0.00;26.885
49;1563727585.6764;0.05;26.920
50;1563727585.6814;0.05;26.855
51;1563727585.6864;0.00;26.865
52;1563727585.6914;0.00;26.865
53;1563727585.6964;0.05;26.895
54;1563727585.7014;0.00;26.895
55;1563727585.7064;0.00;26.895
56;1563727585.7114;0.00;26.890
57;1563727585.7163;0.05;26.900
58;1563727585.7214;0.00;26.865
59;1563727585.7264;0.00;26.865
60;1563727585.7313;0.00;26.885
61;1563727585.7363;0.00;26.895
62;1563727585.7414;0.05;26.925
63;1563727585.7464;0.00;26.925
64;1563727585.7514;0.00;26.905
65;1563727585.7564;0.00;26.900
66;1563727585.7615;0.00;26.900
67;1563727585.7664;0.05;26.910
68;1563727585.7714;0.00;26.890
69;1563727585.7764;0.05;26.900
70;1563727585.7814;0.00;26.900
71;1563727585.7864;0.00;26.895
72;1563727585.7914;0.00;26.910
73;1563727585.7964;0.00;26.910
74;1563727585.8015;0.00;26.895
75;1563727585.8064;0.05;26.905
76;1563727585.8115;0.00;26.915
77;1563727585.8165;0.00;26.915
78;1563727585.8214;0.05;26.915
79;1563727585.8265;0.05;26.900
80;1563727585.8314;0.00;26.915
81;1563727585.8364;0.00;26.915
82;1563727585.8414;0.00;26.915
83;1563727585.8463;0.00;26.885
84;1563727585.8514;0.05;26.885
85;1563727585.8564;0.00;26.935
86;1563727585.8614;0.00;26.875
87;1563727585.8664;0.00;26.905
88;1563727585.8714;0.05;26.905
89;1563727585.8764;0.00;26.900
90;1563727585.8814;0.00;26.895
91;1563727585.8864;0.05;26.895
92;1563727585.8914;0.05;26.925
93;1563727585.8964;0.00;26.905
94;1563727585.9015;0.00;26.905
95;1563727585.9065;0.05;26.905
96;1563727585.9114;0.05;26.900
97;1563727585.9165;0.00;26.910
98;1563727585.9215;0.05;26.875
99;1563727585.9265;0.05;26.875
100;1563727585.9315;0.00;26.940
101;1563727585.9365;0.00;26.925
102;1563727585.9415;0.00;26.925
103;1563727585.9464;0.00;26.920
104;1563727585.9516;0.05;26.915
105;1563727585.9565;0.00;26.905
106;1563727585.9614;0.00;26.905
107;1563727585.9664;0.00;26.925
108;1563727585.9714;0.05;26.900
109;1563727585.9764;0.00;26.900
110;1563727585.9814;0.05;26.905
111;1563727585.9864;0.00;26.915
112;1563727585.9914;0.00;26.925
113;1563727585.9964;0.05;26.925
114;1563727586.0014;0.05;26.915
115;1563727586.0064;0.00;26.930
116;1563727586.0114;0.05;26.910
117;1563727586.0165;0.05;26.910
118;1563727586.0215;0.05;26.920
119;1563727586.0265;0.00;26.905
120;1563727586.0315;0.05;26.905
121;1563727586.0365;-0.05;26.925
122;1563727586.0414;0.05;26.950
123;1563727586.0464;0.00;26.925
124;1563727586.0515;0.00;26.925
125;1563727586.0565;0.00;26.940
126;1563727586.0615;0.05;26.940
127;1563727586.0665;0.00;26.940
128;1563727586.0715;0.00;26.955
129;1563727586.0765;0.00;26.945
130;1563727586.0815;0.00;26.925
131;1563727586.0864;0.00;26.925
132;1563727586.0914;0.00;26.935
133;1563727586.0963;0.00;26.960
134;1563727586.1014;0.00;26.935
135;1563727586.1064;0.00;26.935
136;1563727586.1114;0.00;26.925
137;1563727586.1164;0.00;26.895
138;1563727586.1214;0.00;26.895
139;1563727586.1265;0.00;26.955
140;1563727586.1314;0.00;26.930
141;1563727586.1365;0.05;26.925
142;1563727586.1414;0.05;26.925
143;1563727586.1464;0.00;26.925
144;1563727586.1515;0.05;26.925
145;1563727586.1565;0.05;26.900
146;1563727586.1614;0.00;26.900
147;1563727586.1665;0.00;26.925
148;1563727586.1714;0.05;26.950
149;1563727586.1765;0.00;26.950
150;1563727586.1815;0.00;26.935
151;1563727586.1864;0.00;26.925
152;1563727586.1914;0.00;26.950
153;1563727586.1965;0.00;26.950
154;1563727586.2014;0.05;26.960
155;1563727586.2064;0.05;26.935
156;1563727586.2114;0.05;26.935
157;1563727586.2164;0.05;26.935
158;1563727586.2214;0.00;26.940
159;1563727586.2264;0.05;26.955
160;1563727586.2314;0.05;26.955
161;1563727586.2364;0.00;26.965
162;1563727586.2414;0.00;26.925
163;1563727586.2464;0.00;26.945
164;1563727586.2514;0.05;26.945
165;1563727586.2564;0.05;26.950
166;1563727586.2614;0.05;26.935
167;1563727586.2664;0.00;26.935
168;1563727586.2713;0.05;26.960
169;1563727586.2765;0.05;26.950
170;1563727586.2814;0.00;26.945
171;1563727586.2864;0.05;26.945
172;1563727586.2915;0.00;26.935
173;1563727586.2965;0.00;26.950
174;1563727586.3015;0.00;26.950
175;1563727586.3064;0.05;26.915
176;1563727586.3115;0.00;26.945
177;1563727586.3164;0.05;26.935
178;1563727586.3214;0.00;26.935
179;1563727586.3265;0.05;26.945
180;1563727586.3315;0.00;26.920
181;1563727586.3364;0.00;26.930
182;1563727586.3414;0.05;26.930
183;1563727586.3464;0.05;26.980
184;1563727586.3514;0.00;26.965
185;1563727586.3564;0.00;26.965
186;1563727586.3614;0.10;26.965
187;1563727586.3664;0.00;26.935
188;1563727586.3714;0.00;26.935
189;1563727586.3764;0.00;26.935
190;1563727586.3815;0.05;26.945
191;1563727586.3864;0.05;26.970
192;1563727586.3915;0.00;26.970
193;1563727586.3965;0.05;26.960
194;1563727586.4014;0.00;26.925
195;1563727586.4065;0.05;26.990
196;1563727586.4114;0.05;26.990
197;1563727586.4165;0.00;26.955
198;1563727586.4214;0.05;26.940
199;1563727586.4264;0.00;26.950
200;1563727586.4313;0.00;26.950
201;1563727586.4363;-0.05;26.970
202;1563727586.4413;0.00;26.945
203;1563727586.4463;0.05;26.945
204;1563727586.4513;0.00;26.960
205;1563727586.4564;0.00;26.975
206;1563727586.4614;0.00;26.905
207;1563727586.4665;0.00;26.905
208;1563727586.4713;0.00;26.945
209;1563727586.4764;0.05;26.955
210;1563727586.4814;0.00;26.955
211;1563727586.4864;0.00;26.960
212;1563727586.4915;0.05;26.950
213;1563727586.4965;0.05;26.945
214;1563727586.5014;0.00;26.945
215;1563727586.5065;0.00;26.965
216;1563727586.5114;0.05;26.955
217;1563727586.5164;0.05;26.985
218;1563727586.5214;0.05;26.985
219;1563727586.5264;0.00;26.945
220;1563727586.5315;0.05;26.915
221;1563727586.5364;0.05;26.915
222;1563727586.5415;0.05;26.975
223;1563727586.5465;0.05;26.960
224;1563727586.5514;0.05;26.945
225;1563727586.5565;0.05;26.945
226;1563727586.5615;0.05;26.945
227;1563727586.5664;0.05;26.965
228;1563727586.5715;0.00;26.940
229;1563727586.5764;0.05;26.940
230;1563727586.5813;0.00;26.980
231;1563727586.5864;0.00;26.925
232;1563727586.5914;0.05;26.925
233;1563727586.5964;0.05;26.980
234;1563727586.6014;0.05;26.965
235;1563727586.6065;0.05;26.970
236;1563727586.6114;0.05;26.970
237;1563727586.6164;0.10;26.940
238;1563727586.6214;0.05;26.940
239;1563727586.6264;0.05;26.940
240;1563727586.6315;0.05;26.950
241;1563727586.6364;0.10;26.985
242;1563727586.6414;0.05;26.960
243;1563727586.6464;0.05;26.960
244;1563727586.6515;0.00;26.985
245;1563727586.6565;0.05;27.000
246;1563727586.6614;0.05;26.945
247;1563727586.6664;0.00;26.945
248;1563727586.6714;0.05;26.965
249;1563727586.6763;0.05;26.965
250;1563727586.6814;0.00;26.965
251;1563727586.6864;0.05;26.945
252;1563727586.6914;0.00;26.940
253;1563727586.6965;0.00;26.980
254;1563727586.7014;0.00;26.980
255;1563727586.7064;0.05;26.945
256;1563727586.7114;0.05;26.950
257;1563727586.7164;0.05;26.950
258;1563727586.7214;0.00;26.990
259;1563727586.7265;0.00;26.950
260;1563727586.7315;0.00;26.945
261;1563727586.7364;0.05;26.945
262;1563727586.7414;0.05;26.965
263;1563727586.7465;0.05;26.970
264;1563727586.7516;0.00;26.950
265;1563727586.7565;0.00;26.950
266;1563727586.7614;0.05;26.955
267;1563727586.7665;0.05;26.960
268;1563727586.7714;0.00;26.960
269;1563727586.7765;0.00;26.930
270;1563727586.7815;0.00;26.980
271;1563727586.7864;0.00;26.965
272;1563727586.7914;0.00;26.965
273;1563727586.7965;0.00;26.960
274;1563727586.8015;0.00;26.980
275;1563727586.8065;0.05;26.980
276;1563727586.8115;0.00;27.000
277;1563727586.8164;0.00;26.985
278;1563727586.8215;0.00;26.975
279;1563727586.8265;0.00;26.975
280;1563727586.8314;0.00;26.970
281;1563727586.8364;0.00;26.965
282;1563727586.8413;0.05;26.965
283;1563727586.8464;0.05;26.965
284;1563727586.8514;0.00;26.960
285;1563727586.8564;0.00;26.975
286;1563727586.8614;0.00;26.975
287;1563727586.8664;0.05;26.975
288;1563727586.8715;0.05;26.950
289;1563727586.8764;0.05;26.985
290;1563727586.8814;0.05;26.985
291;1563727586.8864;0.05;26.930
292;1563727586.8915;0.05;26.975
293;1563727586.8964;0.00;26.965
294;1563727586.9014;0.05;26.965
295;1563727586.9065;0.05;26.985
296;1563727586.9115;0.05;26.965
297;1563727586.9165;0.00;26.965
298;1563727586.9214;0.00;26.960
299;1563727586.9265;0.00;26.935
300;1563727586.9315;0.05;26.975
301;1563727586.9365;0.00;26.975
302;1563727586.9414;0.00;26.985
303;1563727586.9465;-0.05;26.965
304;1563727586.9515;0.05;26.965
305;1563727586.9564;0.05;26.965
306;1563727586.9614;-0.05;26.990
307;1563727586.9664;-0.10;26.970
308;1563727586.9713;-0.05;26.970
309;1563727586.9764;-0.05;26.985
310;1563727586.9814;-0.10;26.950
311;1563727586.9864;-0.10;26.985
312;1563727586.9914;-0.05;26.985
313;1563727586.9964;0.00;26.945
314;1563727587.0014;0.00;26.985
315;1563727587.0064;0.10;26.985
316;1563727587.0114;0.15;26.985
317;1563727587.0164;0.20;26.965
318;1563727587.0214;0.15;26.970
319;1563727587.0265;0.15;26.970
320;1563727587.0314;0.15;26.985
321;1563727587.0364;0.20;26.985
322;1563727587.0414;0.20;26.985
323;1563727587.0464;0.20;26.985
324;1563727587.0514;0.25;26.985
325;1563727587.0564;0.25;26.970
326;1563727587.0615;0.30;26.970
327;1563727587.0664;0.20;26.985
328;1563727587.0713;0.10;26.970
329;1563727587.0764;0.15;26.965
330;1563727587.0814;0.15;26.965
331;1563727587.0863;0.10;26.975
332;1563727587.0914;-0.10;26.945
333;1563727587.0963;-0.15;26.945
334;1563727587.1013;0.20;26.990
335;1563727587.1063;0.00;26.985
336;1563727587.1114;-0.10;27.005
337;1563727587.1164;-0.10;27.005
338;1563727587.1213;-0.10;26.985
339;1563727587.1265;-0.05;26.965
340;1563727587.1314;0.00;26.965
341;1563727587.1365;0.05;26.985
342;1563727587.1414;0.00;26.985
343;1563727587.1464;-0.05;26.985
344;1563727587.1515;-0.05;26.985
345;1563727587.1564;0.00;26.980
346;1563727587.1614;0.00;27.000
347;1563727587.1664;0.05;26.970
348;1563727587.1715;0.05;26.970
349;1563727587.1764;0.05;26.995
350;1563727587.1815;0.05;27.005
351;1563727587.1865;0.05;27.005
352;1563727587.1914;0.05;26.980
353;1563727587.1964;0.00;26.980
354;1563727587.2015;0.05;26.970
355;1563727587.2064;0.05;26.970
356;1563727587.2114;0.00;26.965
357;1563727587.2164;0.00;26.955
358;1563727587.2213;0.05;26.955
359;1563727587.2264;0.00;27.005
360;1563727587.2314;0.10;26.975
361;1563727587.2364;0.05;26.980
362;1563727587.2414;0.05;26.980
363;1563727587.2464;0.00;26.985
364;1563727587.2514;0.05;26.985
365;1563727587.2564;0.00;26.970
366;1563727587.2614;0.05;26.970
367;1563727587.2663;0.00;27.005
368;1563727587.2713;0.00;26.985
369;1563727587.2764;0.05;26.985
370;1563727587.2815;0.00;26.985
371;1563727587.2865;0.00;26.995
372;1563727587.2915;0.05;26.940
373;1563727587.2964;0.05;26.940
374;1563727587.3015;0.05;26.975
375;1563727587.3065;0.05;26.960
376;1563727587.3115;0.05;27.025
377;1563727587.3164;0.05;27.025
378;1563727587.3214;0.05;27.005
379;1563727587.3264;0.00;26.985
380;1563727587.3314;-0.05;26.985
381;1563727587.3364;0.00;26.965
382;1563727587.3414;-0.05;26.960
383;1563727587.3464;0.00;26.975
384;1563727587.3514;0.00;26.975
385;1563727587.3564;0.00;26.965
386;1563727587.3614;0.00;26.970
387;1563727587.3664;0.00;26.970
388;1563727587.3715;0.05;26.965
389;1563727587.3765;0.05;26.965
390;1563727587.3814;0.00;26.990
391;1563727587.3865;0.00;26.990
392;1563727587.3915;0.05;26.985
393;1563727587.3964;0.05;27.000
394;1563727587.4015;0.00;26.985
395;1563727587.4065;0.00;26.985
396;1563727587.4115;0.00;26.965
397;1563727587.4165;0.00;26.975
398;1563727587.4215;0.05;26.975
399;1563727587.4265;0.00;27.000
400;1563727587.4316;0.00;26.975
401;1563727587.4364;0.00;26.995
402;1563727587.4414;0.00;26.995
403;1563727587.4463;-0.05;26.980
404;1563727587.4513;-0.05;26.980
405;1563727587.4563;-0.05;26.980
406;1563727587.4613;0.00;27.000
407;1563727587.4663;0.00;26.985
408;1563727587.4713;0.00;26.985
409;1563727587.4764;0.00;26.985
410;1563727587.4814;0.05;27.000
411;1563727587.4864;0.05;26.995
412;1563727587.4915;0.00;26.965
413;1563727587.4964;0.05;26.965
414;1563727587.5014;0.00;26.985
415;1563727587.5064;0.00;27.010
416;1563727587.5114;0.05;27.010
417;1563727587.5164;0.05;26.970
418;1563727587.5215;0.05;27.015
419;1563727587.5264;0.05;27.020
420;1563727587.5315;0.05;27.020
421;1563727587.5365;0.05;26.985
422;1563727587.5415;0.10;26.960
423;1563727587.5465;0.10;26.960
424;1563727587.5515;0.15;26.980
425;1563727587.5563;0.10;27.020
426;1563727587.5613;0.15;26.970
427;1563727587.5663;0.10;26.970
428;1563727587.5713;0.10;26.980
429;1563727587.5763;0.10;26.985
430;1563727587.5813;0.00;27.005
431;1563727587.5864;0.00;27.005
432;1563727587.5914;-0.05;27.000
433;1563727587.5964;0.00;26.990
434;1563727587.6014;-0.05;26.990
435;1563727587.6064;-0.05;26.985
436;1563727587.6114;0.00;26.950
437;1563727587.6164;-0.05;27.000
438;1563727587.6214;-0.05;27.000
439;1563727587.6264;-0.05;27.010
440;1563727587.6314;-0.05;27.010
441;1563727587.6364;-0.05;27.010
442;1563727587.6414;0.00;27.020
443;1563727587.6464;0.00;26.985
444;1563727587.6515;0.00;26.985
445;1563727587.6564;0.00;26.985
446;1563727587.6615;0.00;27.005
447;1563727587.6663;0.00;26.995
448;1563727587.6714;0.00;27.005
449;1563727587.6763;0.00;27.005
450;1563727587.6813;0.05;27.005
451;1563727587.6863;-0.05;27.015
452;1563727587.6914;0.05;27.015
453;1563727587.6963;0.05;27.040
454;1563727587.7013;0.05;26.995
455;1563727587.7063;0.05;26.975
456;1563727587.7113;0.00;26.975
457;1563727587.7164;0.05;27.035
458;1563727587.7214;0.00;27.010
459;1563727587.7264;0.00;26.995
460;1563727587.7314;0.00;26.995
461;1563727587.7364;0.05;27.010
462;1563727587.7414;0.00;27.010
463;1563727587.7464;0.00;27.010
464;1563727587.7515;0.10;26.995
465;1563727587.7565;0.15;27.045
466;1563727587.7615;0.10;27.025
467;1563727587.7665;-0.05;27.025
468;1563727587.7715;0.10;27.040
469;1563727587.7765;0.05;27.005
470;1563727587.7814;0.05;27.005
471;1563727587.7865;0.05;27.020
472;1563727587.7915;0.00;27.010
473;1563727587.7965;0.05;27.010
474;1563727587.8014;0.05;27.010
475;1563727587.8065;0.00;26.990
476;1563727587.8115;0.00;27.000
477;1563727587.8164;-0.05;26.990
478;1563727587.8214;0.05;26.990
479;1563727587.8265;0.05;27.005
480;1563727587.8314;0.05;26.995
481;1563727587.8364;0.05;26.995
482;1563727587.8414;0.05;26.995
483;1563727587.8464;0.00;27.010
484;1563727587.8514;0.05;27.005
485;1563727587.8564;0.05;27.005
486;1563727587.8614;0.00;27.025
487;1563727587.8664;0.00;27.020
488;1563727587.8714;0.00;27.020
489;1563727587.8764;0.05;27.025
490;1563727587.8814;0.05;27.000
491;1563727587.8864;0.00;27.025
492;1563727587.8915;0.00;27.025
493;1563727587.8964;0.00;27.010
494;1563727587.9019;-0.05;27.000
495;1563727587.9064;0.00;27.025
496;1563727587.9114;0.05;27.025
497;1563727587.9164;0.00;27.040
498;1563727587.9214;0.00;27.005
499;1563727587.9264;0.05;27.005
500;1563727587.9314;0.00;27.020
501;1563727587.9364;0.05;27.040
502;1563727587.9414;0.05;27.020
503;1563727587.9463;0.00;27.020
504;1563727587.9513;0.00;26.985
505;1563727587.9564;-0.05;27.040
506;1563727587.9614;-0.05;27.040
507;1563727587.9664;0.05;27.025
508;1563727587.9713;0.00;27.020
509;1563727587.9764;0.00;27.060
510;1563727587.9814;0.00;27.060
511;1563727587.9864;0.05;27.060
512;1563727587.9914;0.00;27.035
513;1563727587.9965;0.05;27.025
514;1563727588.0014;0.05;27.025
515;1563727588.0065;0.00;27.065
516;1563727588.0115;0.00;27.020
517;1563727588.0164;0.00;27.020
518;1563727588.0215;0.00;27.040
519;1563727588.0264;0.05;27.035
520;1563727588.0314;0.00;26.995
521;1563727588.0364;0.05;26.995
522;1563727588.0414;0.00;27.005
523;1563727588.0464;0.00;27.015
524;1563727588.0514;0.00;27.080
525;1563727588.0565;0.05;27.080
526;1563727588.0614;0.00;27.005
527;1563727588.0664;0.05;27.040
528;1563727588.0715;0.05;27.040
529;1563727588.0764;0.05;27.075
530;1563727588.0815;0.10;27.025
531;1563727588.0863;0.05;27.045
532;1563727588.0914;0.05;27.045
533;1563727588.0963;0.05;27.020
534;1563727588.1014;0.00;27.025
535;1563727588.1064;0.00;27.025
536;1563727588.1114;0.05;27.020
537;1563727588.1165;0.05;27.050
538;1563727588.1214;0.00;27.035
539;1563727588.1264;0.05;27.035
540;1563727588.1314;-0.05;27.060
541;1563727588.1364;-0.05;27.070
542;1563727588.1414;0.00;27.015
543;1563727588.1465;0.05;27.015
544;1563727588.1514;0.05;27.020
545;1563727588.1565;0.00;27.080
546;1563727588.1615;0.05;27.080
547;1563727588.1665;0.00;27.040
548;1563727588.1715;0.00;27.050
549;1563727588.1764;0.00;27.020
550;1563727588.1815;0.00;27.020
551;1563727588.1864;0.05;27.035
552;1563727588.1914;0.00;27.075
553;1563727588.1965;-0.05;27.075
554;1563727588.2015;0.05;27.050
555;1563727588.2064;0.00;27.040
556;1563727588.2114;0.00;27.075
557;1563727588.2165;0.00;27.075
558;1563727588.2214;0.00;27.050
559;1563727588.2265;0.00;27.080
560;1563727588.2316;0.00;27.020
561;1563727588.2364;0.00;27.020
562;1563727588.2414;0.00;27.030
563;1563727588.2464;0.05;27.060
564;1563727588.2515;0.05;27.060
565;1563727588.2564;0.05;27.060
566;1563727588.2614;0.05;27.040
567;1563727588.2663;0.05;27.040
568;1563727588.2713;0.00;27.040
569;1563727588.2764;0.05;27.070
570;1563727588.2814;0.00;27.035
571;1563727588.2864;0.05;27.035
572;1563727588.2914;0.05;27.055
573;1563727588.2965;0.05;27.030
574;1563727588.3015;0.00;27.060
575;1563727588.3064;0.05;27.060
576;1563727588.3115;0.05;27.045
577;1563727588.3165;0.05;27.055
578;1563727588.3214;0.00;27.035
579;1563727588.3264;0.05;27.035
580;1563727588.3315;0.00;27.120
581;1563727588.3364;0.00;27.060
582;1563727588.3414;0.00;27.060
583;1563727588.3463;0.00;27.065
584;1563727588.3514;0.00;27.065
585;1563727588.3564;0.00;27.060
586;1563727588.3614;0.05;27.060
587;1563727588.3664;0.00;27.065
588;1563727588.3715;0.00;27.055
589;1563727588.3765;0.00;27.055
590;1563727588.3814;0.05;27.090
591;1563727588.3864;0.00;27.080
592;1563727588.3915;0.00;27.065
593;1563727588.3964;0.00;27.065
594;1563727588.4014;0.05;27.080
595;1563727588.4064;-0.05;27.120
596;1563727588.4115;0.05;27.080
597;1563727588.4164;0.00;27.080
598;1563727588.4215;0.05;27.060
599;1563727588.4264;0.05;27.040
600;1563727588.4315;0.00;27.040
601;1563727588.4364;0.00;27.060
602;1563727588.4414;0.00;27.065
603;1563727588.4463;0.05;27.070
604;1563727588.4513;0.05;27.070
605;1563727588.4564;0.00;27.085
606;1563727588.4613;0.05;27.070
607;1563727588.4664;0.00;27.060
608;1563727588.4714;0.00;27.060
609;1563727588.4763;0.00;27.040
610;1563727588.4814;0.00;27.080
611;1563727588.4864;0.00;27.080
612;1563727588.4914;0.00;27.040
613;1563727588.4965;0.05;27.060
614;1563727588.5014;0.00;27.055
615;1563727588.5065;0.00;27.055
616;1563727588.5114;0.00;27.060
617;1563727588.5164;0.00;27.075
618;1563727588.5214;0.05;27.075
619;1563727588.5265;0.05;27.070
620;1563727588.5315;0.10;27.080
621;1563727588.5364;0.00;27.085
622;1563727588.5415;0.05;27.085
623;1563727588.5464;0.05;27.060
624;1563727588.5515;0.10;27.075
625;1563727588.5565;0.05;27.100
626;1563727588.5615;0.00;27.100
627;1563727588.5665;0.00;27.085
628;1563727588.5715;0.05;27.090
629;1563727588.5765;0.05;27.090
630;1563727588.5814;0.05;27.070
631;1563727588.5864;0.00;27.105
632;1563727588.5914;0.05;27.080
633;1563727588.5964;0.00;27.080
634;1563727588.6014;0.05;27.110
635;1563727588.6064;0.05;27.105
636;1563727588.6114;0.05;27.105
637;1563727588.6164;0.00;27.085
638;1563727588.6214;0.05;27.095
639;1563727588.6264;0.00;27.110
640;1563727588.6314;0.00;27.110
641;1563727588.6364;0.05;27.110
642;1563727588.6414;0.00;27.100
643;1563727588.6464;0.05;27.125
644;1563727588.6513;0.05;27.125
645;1563727588.6564;0.05;27.080
646;1563727588.6613;0.05;27.055
647;1563727588.6664;0.00;27.055
648;1563727588.6714;0.00;27.095
649;1563727588.6764;0.00;27.060
650;1563727588.6813;0.05;27.090
651;1563727588.6864;0.00;27.090
652;1563727588.6914;0.00;27.120
653;1563727588.6964;0.00;27.105
654;1563727588.7022;0.05;27.105
655;1563727588.7074;0.00;27.120
656;1563727588.7124;0.05;27.095
657;1563727588.7173;0.05;27.105
658;1563727588.7223;0.05;27.105
659;1563727588.7274;0.05;27.105
660;1563727588.7325;0.05;27.100
661;1563727588.7374;0.05;27.115
662;1563727588.7424;0.05;27.115
663;1563727588.7474;0.05;27.095
664;1563727588.7525;0.05;27.060
665;1563727588.7574;0.05;27.120
666;1563727588.7624;0.05;27.120
667;1563727588.7674;0.00;27.080
668;1563727588.7724;0.00;27.150
669;1563727588.7773;0.05;27.150
670;1563727588.7823;0.00;27.095
671;1563727588.7873;0.05;27.085
672;1563727588.7924;0.05;27.120
673;1563727588.7974;0.05;27.120
674;1563727588.8024;0.05;27.100
675;1563727588.8074;0.00;27.105
676;1563727588.8123;0.05;27.120
677;1563727588.8173;0.00;27.120
678;1563727588.8224;0.10;27.120
679;1563727588.8273;-0.05;27.120
680;1563727591.2524;0.00;27.240
681;1563727591.2575;0.05;27.225
682;1563727591.2624;0.05;27.260
683;1563727591.2673;0.00;27.235
684;1563727591.2724;0.00;27.235
685;1563727591.2774;0.05;27.245
686;1563727591.2824;0.05;27.250
687;1563727591.2874;0.00;27.250
688;1563727591.2924;0.10;27.250
689;1563727591.2975;0.00;27.235
690;1563727591.3024;0.05;27.275
691;1563727591.3074;0.05;27.275
692;1563727591.3124;0.00;27.260
693;1563727591.3174;0.05;27.270
694;1563727591.3225;0.00;27.245
695;1563727591.3276;0.00;27.245
696;1563727591.3325;0.05;27.290
697;1563727591.3374;0.00;27.260
698;1563727591.3426;0.00;27.260
699;1563727591.3476;0.05;27.285
700;1563727591.3524;0.05;27.270
701;1563727591.3575;0.05;27.260
702;1563727591.3625;0.05;27.260
703;1563727591.3675;0.05;27.305
704;1563727591.3724;0.00;27.300
705;1563727591.3774;0.05;27.300
706;1563727591.3824;0.00;27.300
707;1563727591.3874;0.00;27.300
708;1563727591.3924;0.05;27.285
709;1563727591.3974;0.10;27.285
710;1563727591.4023;0.05;27.300
711;1563727591.4073;0.00;27.295
712;1563727591.4123;0.00;27.305
713;1563727591.4174;0.00;27.305
714;1563727591.4223;0.05;27.330
715;1563727591.4273;0.05;27.335
716;1563727591.4323;0.05;27.335
717;1563727591.4373;0.00;27.315
718;1563727591.4423;0.05;27.330
719;1563727591.4473;0.00;27.285
720;1563727591.4523;0.00;27.285
721;1563727591.4574;0.00;27.340
722;1563727591.4624;0.05;27.335
723;1563727591.4674;0.05;27.335
724;1563727591.4724;0.00;27.335
725;1563727591.4773;0.10;27.340
726;1563727591.4824;0.05;27.335
727;1563727591.4874;0.00;27.335
728;1563727591.4923;0.05;27.360
729;1563727591.4974;0.05;27.375
730;1563727591.5024;0.00;27.330
731;1563727591.5074;0.05;27.330
732;1563727591.5124;0.05;27.370
733;1563727591.5174;0.05;27.340
734;1563727591.5225;0.05;27.340
735;1563727591.5274;0.00;27.340
736;1563727591.5324;0.00;27.360
737;1563727591.5373;0.05;27.305
738;1563727591.5423;0.05;27.305
739;1563727591.5473;0.05;27.350
740;1563727591.5525;0.05;27.335
741;1563727591.5573;0.05;27.335
742;1563727591.5624;0.05;27.340
743;1563727591.5674;0.05;27.335
744;1563727591.5725;0.00;27.350
745;1563727591.5774;0.05;27.350
746;1563727591.5825;0.00;27.355
747;1563727591.5874;0.05;27.360
748;1563727591.5925;-0.05;27.345
749;1563727591.5974;0.00;27.345
750;1563727591.6025;0.05;27.350
751;1563727591.6075;0.00;27.380
752;1563727591.6125;0.05;27.380
753;1563727591.6175;0.00;27.375
754;1563727591.6224;0.05;27.370
755;1563727591.6274;0.00;27.380
756;1563727591.6324;0.05;27.380
757;1563727591.6373;0.05;27.380
758;1563727591.6424;0.00;27.380
759;1563727591.6473;0.05;27.385
760;1563727591.6523;0.00;27.385
761;1563727591.6574;0.00;27.365
762;1563727591.6624;0.00;27.395
763;1563727591.6674;0.00;27.395
764;1563727591.6724;0.05;27.360
765;1563727591.6774;0.00;27.370
766;1563727591.6823;0.05;27.380
767;1563727591.6873;0.05;27.380
768;1563727591.6923;0.00;27.360
769;1563727591.6974;0.05;27.380
770;1563727591.7024;0.00;27.380
771;1563727591.7074;0.05;27.380
772;1563727591.7125;0.00;27.415
773;1563727591.7174;0.05;27.385
774;1563727591.7225;0.05;27.385
775;1563727591.7274;-0.05;27.380
776;1563727591.7324;0.05;27.385
777;1563727591.7374;0.00;27.420
778;1563727591.7425;0.10;27.420
779;1563727591.7474;0.05;27.395
780;1563727591.7524;0.05;27.415
781;1563727591.7575;0.05;27.415
782;1563727591.7625;0.00;27.405
783;1563727591.7674;0.05;27.380
784;1563727591.7724;0.00;27.405
785;1563727591.7774;0.00;27.405
786;1563727591.7825;0.00;27.420
787;1563727591.7874;0.00;27.430
788;1563727591.7925;0.05;27.430
789;1563727591.7975;0.05;27.405
790;1563727591.8025;0.05;27.410
791;1563727591.8075;0.05;27.385
792;1563727591.8125;0.05;27.385
793;1563727591.8175;0.05;27.415
794;1563727591.8225;0.05;27.410
795;1563727591.8274;0.05;27.435
796;1563727591.8326;0.00;27.435
797;1563727591.8374;0.05;27.405
798;1563727591.8425;0.10;27.415
799;1563727591.8474;0.05;27.415
800;1563727591.8524;0.05;27.395
801;1563727591.8574;0.00;27.400
802;1563727591.8623;0.00;27.385
803;1563727591.8674;0.10;27.385
804;1563727591.8724;0.05;27.420
805;1563727591.8773;0.10;27.415
806;1563727591.8824;0.00;27.415
807;1563727591.8875;0.05;27.415
808;1563727591.8924;0.00;27.420
809;1563727591.8974;0.00;27.425
810;1563727591.9024;0.00;27.425
811;1563727591.9074;0.05;27.425
812;1563727591.9134;0.05;27.445
813;1563727591.9184;0.00;27.435
814;1563727591.9235;0.05;27.435
815;1563727591.9285;0.00;27.450
816;1563727591.9334;0.05;27.435
817;1563727591.9384;0.00;27.440
818;1563727591.9434;0.05;27.440
819;1563727591.9485;0.00;27.455
820;1563727591.9534;0.05;27.410
821;1563727591.9585;0.05;27.410
822;1563727591.9636;0.00;27.420
823;1563727591.9685;0.05;27.445
824;1563727591.9734;0.00;27.435
825;1563727591.9785;0.00;27.435
826;1563727591.9835;0.00;27.425
827;1563727591.9885;0.00;27.450
828;1563727591.9934;-0.15;27.450
829;1563727591.9985;0.05;27.450
830;1563727592.0035;0.00;27.410
831;1563727592.0084;0.05;27.475
832;1563727592.0133;0.05;27.475
833;1563727592.0183;0.05;27.455
834;1563727592.0234;0.05;27.440
835;1563727592.0284;0.10;27.450
836;1563727592.0334;0.10;27.450
837;1563727592.0384;0.00;27.450
838;1563727592.0435;0.05;27.450
839;1563727592.0484;0.10;27.450
840;1563727592.0534;0.00;27.440
841;1563727592.0585;0.05;27.445
842;1563727592.0635;0.00;27.435
843;1563727592.0685;0.05;27.435
844;1563727592.0734;0.00;27.485
845;1563727592.0786;0.05;27.430
846;1563727592.0835;0.00;27.455
847;1563727592.0884;0.05;27.455
848;1563727592.0934;0.00;27.480
849;1563727592.0984;0.00;27.475
850;1563727592.1034;0.00;27.475
851;1563727592.1085;0.05;27.445
852;1563727592.1134;0.00;27.460
853;1563727592.1185;0.05;27.445
854;1563727592.1234;0.00;27.445
855;1563727592.1283;0.00;27.500
856;1563727592.1333;0.10;27.450
857;1563727592.1384;0.05;27.495
858;1563727592.1434;0.00;27.495
859;1563727592.1484;0.05;27.460
860;1563727592.1533;0.05;27.490
861;1563727592.1584;0.00;27.490
862;1563727592.1635;0.05;27.470
863;1563727592.1684;0.00;27.485
864;1563727592.1734;0.00;27.475
865;1563727592.1784;0.05;27.475
866;1563727592.1835;0.10;27.445
867;1563727592.1885;0.00;27.470
868;1563727592.1934;0.10;27.470
869;1563727592.1986;0.05;27.465
870;1563727592.2035;0.05;27.470
871;1563727592.2085;0.10;27.485
872;1563727592.2134;0.05;27.485
873;1563727592.2185;0.05;27.475
874;1563727592.2235;0.05;27.495
875;1563727592.2284;0.00;27.460
876;1563727592.2335;0.00;27.460
877;1563727592.2384;0.05;27.525
878;1563727592.2435;0.00;27.520
879;1563727592.2486;0.05;27.520
880;1563727592.2535;0.05;27.505
881;1563727592.2584;0.00;27.475
882;1563727592.2634;0.10;27.520
883;1563727592.2683;0.05;27.520
884;1563727592.2733;0.05;27.515
885;1563727592.2783;0.05;27.480
886;1563727592.2834;0.00;27.480
887;1563727592.2884;0.00;27.475
888;1563727592.2933;0.05;27.500
889;1563727592.2984;0.05;27.495
890;1563727592.3034;0.05;27.495
891;1563727592.3085;0.00;27.510
892;1563727592.3133;0.00;27.490
893;1563727592.3184;0.05;27.490
894;1563727592.3235;0.05;27.490
895;1563727592.3284;0.00;27.530
896;1563727592.3333;0.05;27.500
897;1563727592.3384;0.05;27.500
898;1563727592.3435;0.00;27.495
899;1563727592.3484;0.05;27.475
900;1563727592.3534;0.05;27.515
901;1563727592.3584;0.00;27.515
902;1563727592.3633;0.00;27.515
903;1563727592.3684;0.05;27.515
904;1563727592.3734;0.00;27.515
905;1563727592.3785;0.05;27.530
906;1563727592.3834;0.05;27.505
907;1563727592.3885;-0.05;27.515
908;1563727592.3934;0.00;27.515
909;1563727592.3984;0.00;27.500
910;1563727592.4035;0.00;27.530
911;1563727592.4085;0.00;27.490
912;1563727592.4134;0.00;27.490
913;1563727592.4184;0.00;27.500
914;1563727592.4235;0.00;27.515
915;1563727592.4285;0.05;27.515
916;1563727592.4335;0.00;27.535
917;1563727592.4384;0.00;27.515
918;1563727592.4434;0.00;27.550
919;1563727592.4484;0.05;27.550
920;1563727592.4534;0.00;27.485
921;1563727592.4583;0.05;27.525
922;1563727592.4634;0.05;27.515
923;1563727592.4684;0.05;27.515
924;1563727592.4734;0.05;27.545
925;1563727592.4784;0.05;27.535
926;1563727592.4834;0.05;27.535
927;1563727592.4884;0.00;27.510
928;1563727592.4933;0.05;27.535
929;1563727592.4983;0.05;27.515
930;1563727592.5034;0.05;27.515
931;1563727592.5083;0.00;27.515
932;1563727592.5134;0.05;27.535
933;1563727592.5184;0.00;27.535
934;1563727592.5233;0.05;27.535
935;1563727592.5285;0.00;27.525
936;1563727592.5334;0.00;27.555
937;1563727592.5384;0.05;27.555
938;1563727592.5435;0.10;27.525
939;1563727592.5484;0.10;27.540
940;1563727592.5534;0.05;27.510
941;1563727592.5584;0.05;27.510
942;1563727592.5635;0.05;27.555
943;1563727592.5685;0.00;27.545
944;1563727592.5735;0.05;27.545
945;1563727592.5784;0.05;27.560
946;1563727592.5835;0.05;27.545
947;1563727592.5884;0.05;27.535
948;1563727592.5935;0.00;27.535
949;1563727592.5984;0.05;27.555
950;1563727592.6035;0.05;27.570
951;1563727592.6085;0.05;27.570
952;1563727592.6135;0.05;27.545
953;1563727592.6185;0.05;27.555
954;1563727592.6234;0.05;27.535
955;1563727592.6284;0.00;27.535
956;1563727592.6334;0.05;27.535
957;1563727592.6383;0.05;27.580
958;1563727592.6434;0.05;27.585
959;1563727592.6484;0.05;27.585
960;1563727592.6534;0.00;27.575
961;1563727592.6584;0.05;27.540
962;1563727592.6634;0.05;27.540
963;1563727592.6683;0.05;27.565
964;1563727592.6734;0.05;27.580
965;1563727592.6784;0.00;27.545
966;1563727592.6835;0.00;27.545
967;1563727592.6884;0.00;27.540
968;1563727592.6934;0.00;27.575
969;1563727592.6986;0.05;27.575
970;1563727592.7035;0.05;27.570
971;1563727592.7105;0.05;27.570
972;1563727592.7154;0.00;27.555
973;1563727592.7205;0.00;27.565
974;1563727592.7254;0.05;27.565
975;1563727592.7305;0.05;27.565
976;1563727592.7355;0.05;27.545
977;1563727592.7404;0.05;27.555
978;1563727592.7454;0.05;27.555
979;1563727592.7504;0.00;27.575
980;1563727592.7555;0.05;27.585
981;1563727592.7604;0.05;27.585
982;1563727592.7654;0.00;27.535
983;1563727592.7704;0.00;27.555
984;1563727592.7754;0.00;27.560
985;1563727592.7804;0.00;27.560
986;1563727592.7853;0.05;27.595
987;1563727592.7904;0.05;27.590
988;1563727592.7954;0.05;27.585
989;1563727592.8004;0.00;27.585
990;1563727592.8054;0.05;27.595
991;1563727592.8104;0.00;27.605
992;1563727592.8156;0.05;27.605
993;1563727592.8205;0.00;27.575
994;1563727592.8255;0.00;27.550
995;1563727592.8305;0.05;27.575
996;1563727592.8355;0.05;27.575
997;1563727592.8405;0.05;27.585
998;1563727592.8455;0.00;27.570
999;1563727592.8505;0.00;27.570
1000;1563727592.8554;0.05;27.635
1001;1563727592.8605;0.00;27.580
1002;1563727592.8654;0.00;27.575
1003;1563727592.8705;0.00;27.575
1004;1563727592.8754;0.05;27.575
1005;1563727592.8804;0.00;27.595
1006;1563727592.8853;0.00;27.540
1007;1563727592.8904;0.05;27.540
1008;1563727592.8955;0.00;27.605
1009;1563727592.9004;-0.05;27.595
1010;1563727592.9053;0.00;27.595
1011;1563727592.9104;0.00;27.575
1012;1563727592.9155;0.05;27.580
1013;1563727592.9204;0.00;27.615
1014;1563727592.9254;0.00;27.615
1015;1563727592.9304;0.00;27.580
1016;1563727592.9354;0.00;27.610
1017;1563727592.9404;0.00;27.610
1018;1563727592.9454;0.10;27.595
1019;1563727592.9506;0.05;27.575
1020;1563727592.9554;0.05;27.590
1021;1563727592.9605;0.05;27.590
1022;1563727592.9654;0.05;27.610
1023;1563727592.9706;0.00;27.605
1024;1563727592.9756;0.05;27.605
1025;1563727592.9805;0.00;27.605
1026;1563727592.9854;0.05;27.595
1027;1563727592.9905;0.00;27.625
1028;1563727592.9954;0.00;27.625
1029;1563727593.0004;0.05;27.615
1030;1563727593.0054;0.05;27.615
1031;1563727593.0104;0.05;27.595
1032;1563727593.0154;0.05;27.595
1033;1563727593.0204;0.05;27.650
1034;1563727593.0254;0.00;27.620
1035;1563727593.0304;0.05;27.620
1036;1563727593.0354;0.05;27.645
1037;1563727593.0404;0.00;27.645
1038;1563727593.0453;0.00;27.635
1039;1563727593.0504;0.05;27.635
1040;1563727593.0554;0.10;27.605
1041;1563727593.0604;0.05;27.625
1042;1563727593.0654;0.00;27.635
1043;1563727593.0705;0.05;27.635
1044;1563727593.0754;0.00;27.615
1045;1563727593.0804;0.05;27.635
1046;1563727593.0854;0.00;27.635
1047;1563727593.0904;0.05;27.635
1048;1563727593.0954;0.05;27.620
1049;1563727593.1005;0.00;27.625
1050;1563727593.1054;0.00;27.625
1051;1563727593.1105;0.05;27.615
1052;1563727593.1155;0.05;27.620
1053;1563727593.1204;0.05;27.625
1054;1563727593.1255;0.00;27.625
1055;1563727593.1305;0.00;27.670
1056;1563727593.1354;0.00;27.655
1057;1563727593.1403;0.00;27.655
1058;1563727593.1453;0.05;27.635
1059;1563727593.1504;0.00;27.630
1060;1563727593.1554;0.05;27.650
1061;1563727593.1604;0.05;27.650
1062;1563727593.1654;0.00;27.640
1063;1563727593.1705;0.00;27.665
1064;1563727593.1754;0.00;27.665
1065;1563727593.1804;0.00;27.635
1066;1563727593.1854;-0.05;27.620
1067;1563727593.1904;0.00;27.620
1068;1563727593.1955;0.00;27.620
1069;1563727593.2004;-0.05;27.635
1070;1563727593.2054;0.00;27.640
1071;1563727593.2105;0.00;27.675
1072;1563727593.2154;0.00;27.675
1073;1563727593.2205;0.05;27.625
1074;1563727593.2255;0.00;27.640
1075;1563727593.2305;0.05;27.640
1076;1563727593.2355;0.05;27.615
1077;1563727593.2405;0.00;27.615
1078;1563727593.2455;0.05;27.670
1079;1563727593.2504;0.05;27.670
1080;1563727593.2553;0.00;27.640
1081;1563727593.2604;0.05;27.650
1082;1563727593.2654;0.05;27.650
1083;1563727593.2704;0.00;27.675
1084;1563727593.2753;0.00;27.660
1085;1563727593.2804;0.00;27.630
1086;1563727593.2854;0.00;27.630
1087;1563727593.2905;0.05;27.625
1088;1563727593.2955;0.00;27.655
1089;1563727593.3005;0.10;27.630
1090;1563727593.3054;0.05;27.630
1091;1563727593.3105;0.05;27.655
1092;1563727593.3155;0.00;27.695
1093;1563727593.3204;0.05;27.695
1094;1563727593.3254;-0.05;27.695
1095;1563727593.3305;-0.05;27.675
1096;1563727593.3355;0.05;27.665
1097;1563727593.3405;0.00;27.665
1098;1563727593.3454;0.05;27.675
1099;1563727593.3504;0.00;27.635
1100;1563727593.3554;0.05;27.635
1101;1563727593.3605;0.00;27.655
1102;1563727593.3655;0.05;27.665
1103;1563727593.3705;0.05;27.680
1104;1563727593.3756;0.00;27.680
1105;1563727593.3805;0.05;27.665
1106;1563727593.3854;0.05;27.655
1107;1563727593.3903;0.05;27.690
1108;1563727593.3953;0.05;27.690
1109;1563727593.4004;0.05;27.710
1110;1563727593.4053;0.00;27.655
1111;1563727593.4104;0.05;27.655
1112;1563727593.4154;0.05;27.655
1113;1563727593.4204;0.00;27.680
1114;1563727593.4255;0.05;27.665
1115;1563727593.4304;0.00;27.665
1116;1563727593.4355;0.05;27.690
1117;1563727593.4404;0.05;27.675
1118;1563727593.4453;0.05;27.685
1119;1563727593.4505;0.05;27.685
1120;1563727593.4554;0.05;27.675
1121;1563727593.4604;0.05;27.660
1122;1563727593.4654;0.05;27.660
1123;1563727593.4704;0.00;27.675
1124;1563727593.4755;0.00;27.695
1125;1563727593.4804;0.00;27.695
1126;1563727593.4854;0.05;27.695
1127;1563727593.4904;0.00;27.660
1128;1563727593.4955;0.05;27.680
1129;1563727593.5004;0.00;27.680
1130;1563727593.5053;0.05;27.680
1131;1563727593.5107;0.05;27.695
1132;1563727593.5154;0.05;27.695
1133;1563727593.5204;0.10;27.695
1134;1563727593.5253;0.10;27.695
1135;1563727593.5304;0.05;27.680
1136;1563727593.5355;0.05;27.670
1137;1563727593.5404;0.00;27.670
1138;1563727593.5454;0.05;27.695
1139;1563727593.5504;0.05;27.685
1140;1563727593.5555;0.00;27.685
1141;1563727593.5605;0.00;27.695
1142;1563727593.5654;0.10;27.715
1143;1563727593.5705;0.05;27.710
1144;1563727593.5755;0.00;27.710
1145;1563727593.5805;0.00;27.680
1146;1563727593.5854;0.00;27.705
1147;1563727593.5905;0.00;27.705
1148;1563727593.5955;0.00;27.705
1149;1563727593.6005;0.05;27.685
1150;1563727593.6054;0.00;27.675
1151;1563727593.6104;0.00;27.675
1152;1563727593.6155;0.05;27.725
1153;1563727593.6205;0.00;27.690
1154;1563727593.6255;0.00;27.715
1155;1563727593.6305;0.05;27.715
1156;1563727593.6354;0.00;27.735
1157;1563727593.6403;0.00;27.690
1158;1563727593.6453;0.00;27.690
1159;1563727593.6503;0.00;27.710
1160;1563727593.6554;0.00;27.725
1161;1563727593.6604;0.00;27.685
1162;1563727593.6653;0.00;27.685
1163;1563727593.6703;0.00;27.705
1164;1563727593.6754;0.00;27.695
1165;1563727593.6804;0.05;27.695
1166;1563727593.6854;0.00;27.700
1167;1563727593.6905;0.05;27.695
1168;1563727593.6954;0.00;27.720
1169;1563727593.7005;0.00;27.720
1170;1563727593.7055;-0.05;27.700
1171;1563727593.7105;0.05;27.705
