0;1563727512.3134;0.05;25.255
1;1563727512.3184;0.05;25.240
2;1563727512.3235;0.00;25.235
3;1563727512.3284;0.00;25.265
4;1563727512.3334;0.05;25.265
5;1563727512.3384;0.05;25.265
6;1563727512.3433;0.00;25.235
7;1563727512.3483;0.00;25.235
8;1563727512.3533;0.00;25.240
9;1563727512.3584;0.00;25.270
10;1563727512.3633;0.00;25.230
11;1563727512.3684;0.05;25.230
12;1563727512.3734;0.05;25.265
13;1563727512.3784;0.10;25.280
14;1563727512.3834;0.05;25.275
15;1563727512.3884;0.00;25.275
16;1563727512.3934;0.00;25.260
17;1563727512.3983;0.00;25.285
18;1563727512.4033;0.05;25.285
19;1563727512.4083;0.05;25.265
20;1563727512.4134;0.00;25.305
21;1563727512.4183;0.00;25.300
22;1563727512.4234;0.05;25.300
23;1563727512.4283;0.05;25.260
24;1563727512.4333;0.05;25.275
25;1563727512.4383;0.05;25.275
26;1563727512.4433;0.05;25.290
27;1563727512.4483;0.05;25.310
28;1563727512.4533;0.00;25.275
29;1563727512.4583;0.00;25.275
30;1563727512.4633;0.00;25.295
31;1563727512.4684;0.05;25.285
32;1563727512.4734;0.00;25.285
33;1563727512.4783;0.00;25.285
34;1563727512.4834;0.05;25.290
35;1563727512.4884;0.05;25.310
36;1563727512.4934;0.00;25.310
37;1563727512.4984;0.05;25.285
38;1563727512.5033;0.00;25.310
39;1563727512.5084;0.05;25.295
40;1563727512.5134;0.00;25.295
41;1563727512.5185;-0.05;25.270
42;1563727512.5234;0.00;25.310
43;1563727512.5285;0.05;25.310
44;1563727512.5335;0.00;25.305
45;1563727512.5384;0.00;25.335
46;1563727512.5434;0.00;25.310
47;1563727512.5484;0.05;25.310
48;1563727512.5535;0.00;25.305
49;1563727512.5585;0.00;25.310
50;1563727512.5634;0.00;25.335
51;1563727512.5685;0.00;25.335
52;1563727512.5734;0.00;25.325
53;1563727512.5783;0.00;25.315
54;1563727512.5844;0.05;25.295
55;1563727512.5893;0.00;25.295
56;1563727512.5943;0.05;25.310
57;1563727512.5994;0.05;25.305
58;1563727512.6043;0.05;25.305
59;1563727512.6094;0.00;25.305
60;1563727512.6143;0.00;25.315
61;1563727512.6193;0.05;25.310
62;1563727512.6243;0.05;25.310
63;1563727512.6294;0.00;25.290
64;1563727512.6344;0.05;25.305
65;1563727512.6394;0.00;25.325
66;1563727512.6444;0.00;25.325
67;1563727512.6494;0.05;25.345
68;1563727512.6543;0.05;25.340
69;1563727512.6593;0.05;25.340
70;1563727512.6644;0.05;25.335
71;1563727512.6694;0.05;25.320
72;1563727512.6744;0.05;25.310
73;1563727512.6794;0.00;25.310
74;1563727512.6844;0.05;25.315
75;1563727512.6894;0.00;25.360
76;1563727512.6944;0.05;25.360
77;1563727512.6995;0.05;25.305
78;1563727512.7043;0.05;25.335
79;1563727512.7095;0.05;25.320
80;1563727512.7144;0.05;25.320
81;1563727512.7194;0.05;25.335
82;1563727512.7243;0.00;25.320
83;1563727512.7293;0.05;25.315
84;1563727512.7343;0.10;25.315
85;1563727512.7393;0.00;25.330
86;1563727512.7444;0.00;25.320
87;1563727512.7494;0.00;25.320
88;1563727512.7544;0.00;25.325
89;1563727512.7595;0.00;25.305
90;1563727512.7644;0.05;25.345
91;1563727512.7694;0.00;25.345
92;1563727512.7744;0.05;25.365
93;1563727512.7794;0.15;25.335
94;1563727512.7844;0.00;25.335
95;1563727512.7894;0.00;25.305
96;1563727512.7944;0.05;25.365
97;1563727512.7995;0.05;25.340
98;1563727512.8044;0.05;25.340
99;1563727512.8094;0.05;25.355
100;1563727512.8145;0.00;25.380
101;1563727512.8194;0.00;25.335
102;1563727512.8244;0.05;25.335
103;1563727512.8295;0.05;25.335
104;1563727512.8344;0.00;25.380
105;1563727512.8394;0.00;25.380
106;1563727512.8444;0.05;25.345
107;1563727512.8493;0.00;25.325
108;1563727512.8543;0.00;25.360
109;1563727512.8593;0.05;25.360
110;1563727512.8645;0.00;25.360
111;1563727512.8694;0.00;25.350
112;1563727512.8745;0.00;25.350
113;1563727512.8794;0.05;25.355
114;1563727512.8845;0.05;25.340
115;1563727512.8894;0.05;25.365
116;1563727512.8945;0.05;25.365
117;1563727512.8995;0.10;25.355
118;1563727512.9044;0.05;25.365
119;1563727512.9094;0.05;25.365
120;1563727512.9145;0.05;25.365
121;1563727512.9195;0.05;25.365
122;1563727512.9245;0.05;25.345
123;1563727512.9295;0.00;25.345
124;1563727512.9345;0.05;25.360
125;1563727512.9394;0.05;25.400
126;1563727512.9445;0.00;25.375
127;1563727512.9495;0.05;25.375
128;1563727512.9544;0.05;25.350
129;1563727512.9594;0.05;25.375
130;1563727512.9645;0.00;25.390
131;1563727512.9693;0.00;25.390
132;1563727512.9744;0.05;25.350
133;1563727512.9794;0.05;25.370
134;1563727512.9843;0.00;25.370
135;1563727512.9893;0.00;25.425
136;1563727512.9944;0.00;25.390
137;1563727512.9994;0.00;25.360
138;1563727513.0044;0.00;25.360
139;1563727513.0094;0.00;25.405
140;1563727513.0144;0.00;25.395
141;1563727513.0194;0.05;25.395
142;1563727513.0244;0.05;25.380
143;1563727513.0294;0.00;25.380
144;1563727513.0345;0.05;25.360
145;1563727513.0394;0.05;25.360
146;1563727513.0445;0.05;25.400
147;1563727513.0494;0.05;25.365
148;1563727513.0544;0.05;25.365
149;1563727513.0594;0.05;25.365
150;1563727513.0645;0.00;25.370
151;1563727513.0695;-0.05;25.375
152;1563727513.0745;0.00;25.375
153;1563727513.0794;0.00;25.410
154;1563727513.0844;0.00;25.405
155;1563727513.0895;0.00;25.395
156;1563727513.0943;0.00;25.395
157;1563727513.0993;0.00;25.390
158;1563727513.1044;0.00;25.375
159;1563727513.1094;0.00;25.375
160;1563727513.1144;0.05;25.360
161;1563727513.1194;0.00;25.380
162;1563727513.1244;0.00;25.390
163;1563727513.1294;0.05;25.390
164;1563727513.1345;0.00;25.405
165;1563727513.1395;0.05;25.385
166;1563727513.1445;0.00;25.370
167;1563727513.1495;0.00;25.370
168;1563727513.1545;0.00;25.380
169;1563727513.1595;0.00;25.390
170;1563727513.1645;0.05;25.390
171;1563727513.1695;0.00;25.390
172;1563727513.1745;0.05;25.405
173;1563727513.1795;0.00;25.375
174;1563727513.1845;0.05;25.375
175;1563727513.1894;0.05;25.425
176;1563727513.1945;0.00;25.390
177;1563727513.1994;0.05;25.390
178;1563727513.2044;0.05;25.385
179;1563727513.2093;0.00;25.405
180;1563727513.2143;0.00;25.410
181;1563727513.2193;0.05;25.410
182;1563727513.2243;0.00;25.410
183;1563727513.2294;0.00;25.380
184;1563727513.2344;0.00;25.415
185;1563727513.2394;0.00;25.415
186;1563727513.2444;0.05;25.395
187;1563727513.2494;0.05;25.400
188;1563727513.2544;0.05;25.400
189;1563727513.2594;0.00;25.420
190;1563727513.2644;0.05;25.380
191;1563727513.2694;0.05;25.425
192;1563727513.2745;0.05;25.425
193;1563727513.2795;0.05;25.440
194;1563727513.2845;0.00;25.450
195;1563727513.2894;0.00;25.450
196;1563727513.2945;0.00;25.415
197;1563727513.2995;0.05;25.455
198;1563727513.3044;0.05;25.385
199;1563727513.3094;0.05;25.385
200;1563727513.3145;0.00;25.425
201;1563727513.3195;0.00;25.440
202;1563727513.3245;0.05;25.405
203;1563727513.3294;0.00;25.405
204;1563727513.3344;0.00;25.420
205;1563727513.3393;0.05;25.420
206;1563727513.3444;0.00;25.420
207;1563727513.3494;0.05;25.420
208;1563727513.3544;0.00;25.450
209;1563727513.3593;0.05;25.375
210;1563727513.3644;0.05;25.375
211;1563727513.3694;0.00;25.420
212;1563727513.3745;0.00;25.415
213;1563727513.3794;0.00;25.400
214;1563727513.3843;0.00;25.400
215;1563727513.3894;0.00;25.415
216;1563727513.3944;0.00;25.440
217;1563727513.3994;0.00;25.440
218;1563727513.4044;0.00;25.435
219;1563727513.4095;0.00;25.410
220;1563727513.4145;0.05;25.450
221;1563727513.4195;0.00;25.450
222;1563727513.4245;0.00;25.460
223;1563727513.4294;0.05;25.440
224;1563727513.4344;0.00;25.440
225;1563727513.4394;0.05;25.460
226;1563727513.4443;0.05;25.440
227;1563727513.4494;0.00;25.450
228;1563727513.4543;0.05;25.450
229;1563727513.4594;0.00;25.430
230;1563727513.4643;0.05;25.440
231;1563727513.4694;0.00;25.420
232;1563727513.4744;0.00;25.420
233;1563727513.4794;0.05;25.455
234;1563727513.4844;0.05;25.445
235;1563727513.4894;0.05;25.445
236;1563727513.4943;0.10;25.440
237;1563727513.4994;0.00;25.480
238;1563727513.5044;0.05;25.460
239;1563727513.5094;0.00;25.460
240;1563727513.5144;0.00;25.460
241;1563727513.5195;0.05;25.470
242;1563727513.5244;0.10;25.470
243;1563727513.5295;0.00;25.445
244;1563727513.5344;0.05;25.465
245;1563727513.5395;0.05;25.440
246;1563727513.5444;0.00;25.440
247;1563727513.5495;0.05;25.435
248;1563727513.5545;0.05;25.470
249;1563727513.5594;-0.05;25.475
250;1563727513.5644;0.05;25.475
251;1563727513.5696;0.05;25.460
252;1563727513.5745;-0.05;25.460
253;1563727513.5795;0.00;25.460
254;1563727513.5844;0.00;25.505
255;1563727513.5894;0.05;25.465
256;1563727513.5944;0.00;25.480
257;1563727513.5994;0.05;25.480
258;1563727513.6043;0.00;25.465
259;1563727513.6094;0.05;25.480
260;1563727513.6144;0.00;25.480
261;1563727513.6194;0.00;25.475
262;1563727513.6243;0.05;25.480
263;1563727513.6294;0.05;25.495
264;1563727513.6344;0.00;25.495
265;1563727513.6393;0.00;25.490
266;1563727513.6444;0.05;25.480
267;1563727513.6494;0.00;25.480
268;1563727513.6543;0.00;25.480
269;1563727513.6593;0.00;25.500
270;1563727513.6643;0.00;25.500
271;1563727513.6693;0.00;25.500
272;1563727513.6744;0.00;25.480
273;1563727513.6793;0.05;25.475
274;1563727513.6844;0.05;25.475
275;1563727513.6894;0.00;25.475
276;1563727513.6944;0.00;25.485
277;1563727513.6994;0.00;25.465
278;1563727513.7045;0.05;25.465
279;1563727513.7094;0.00;25.465
280;1563727513.7144;0.00;25.490
281;1563727513.7193;-0.05;25.480
282;1563727513.7245;-0.05;25.480
283;1563727513.7294;-0.05;25.480
284;1563727513.7344;-0.05;25.475
285;1563727513.7394;0.00;25.500
286;1563727513.7444;-0.05;25.500
287;1563727513.7495;0.00;25.490
288;1563727513.7544;0.00;25.465
289;1563727513.7594;0.05;25.465
290;1563727513.7645;0.05;25.485
291;1563727513.7694;0.00;25.460
292;1563727513.7745;0.05;25.485
293;1563727513.7794;0.05;25.485
294;1563727513.7845;0.10;25.495
295;1563727513.7895;0.05;25.505
296;1563727513.7945;0.00;25.525
297;1563727513.7994;0.10;25.525
298;1563727513.8045;0.05;25.490
299;1563727513.8096;0.05;25.460
300;1563727513.8144;0.05;25.460
301;1563727513.8195;0.10;25.500
302;1563727513.8245;0.05;25.520
303;1563727513.8294;0.05;25.540
304;1563727513.8344;0.00;25.540
305;1563727513.8394;0.00;25.505
306;1563727513.8444;0.05;25.520
307;1563727513.8493;0.00;25.520
308;1563727513.8544;0.00;25.530
309;1563727513.8594;0.00;25.485
310;1563727513.8645;0.00;25.500
311;1563727513.8694;0.00;25.500
312;1563727513.8744;0.05;25.500
313;1563727513.8794;0.00;25.520
314;1563727513.8844;0.00;25.515
315;1563727513.8894;0.00;25.515
316;1563727513.8945;0.00;25.505
317;1563727513.8994;0.05;25.520
318;1563727513.9045;0.00;25.520
319;1563727513.9094;0.05;25.490
320;1563727513.9145;0.05;25.540
321;1563727513.9194;0.05;25.510
322;1563727513.9245;0.05;25.510
323;1563727513.9294;0.05;25.520
324;1563727513.9344;0.05;25.500
325;1563727513.9394;0.05;25.500
326;1563727513.9444;0.05;25.520
327;1563727513.9494;0.05;25.505
328;1563727513.9544;0.05;25.540
329;1563727513.9593;0.00;25.540
330;1563727513.9644;0.00;25.525
331;1563727513.9693;0.05;25.515
332;1563727513.9743;0.05;25.575
333;1563727513.9793;0.05;25.575
334;1563727513.9844;0.00;25.540
335;1563727513.9894;0.10;25.500
336;1563727513.9945;0.00;25.500
337;1563727513.9994;0.00;25.535
338;1563727514.0044;0.05;25.560
339;1563727514.0095;0.05;25.515
340;1563727514.0144;0.05;25.515
341;1563727514.0194;0.05;25.525
342;1563727514.0245;0.05;25.555
343;1563727514.0294;0.05;25.555
344;1563727514.0344;0.05;25.520
345;1563727514.0394;0.00;25.540
346;1563727514.0445;0.00;25.500
347;1563727514.0494;0.00;25.500
348;1563727514.0545;0.05;25.505
349;1563727514.0594;0.00;25.580
350;1563727514.0645;0.00;25.550
351;1563727514.0695;0.00;25.550
352;1563727514.0744;0.00;25.520
353;1563727514.0794;0.00;25.535
354;1563727514.0844;0.05;25.535
355;1563727514.0894;0.05;25.560
356;1563727514.0943;0.05;25.535
357;1563727514.0993;0.05;25.550
358;1563727514.1043;0.00;25.550
359;1563727514.1094;0.00;25.550
360;1563727514.1144;0.00;25.545
361;1563727514.1194;0.00;25.545
362;1563727514.1244;0.00;25.555
363;1563727514.1294;0.00;25.570
364;1563727514.1344;-0.05;25.550
365;1563727514.1394;0.05;25.550
366;1563727514.1445;0.00;25.520
367;1563727514.1495;0.05;25.585
368;1563727514.1544;0.05;25.505
369;1563727514.1594;0.00;25.505
370;1563727514.1645;0.05;25.600
371;1563727514.1695;0.05;25.590
372;1563727514.1744;0.00;25.590
373;1563727514.1795;0.05;25.540
374;1563727514.1843;0.00;25.590
375;1563727514.1894;0.00;25.560
376;1563727514.1945;-0.05;25.560
377;1563727514.1995;0.05;25.575
378;1563727514.2044;0.05;25.585
379;1563727514.2094;0.00;25.575
380;1563727514.2143;0.00;25.575
381;1563727514.2193;0.00;25.570
382;1563727514.2244;0.00;25.575
383;1563727514.2294;0.05;25.575
384;1563727514.2343;0.05;25.580
385;1563727514.2395;0.05;25.570
386;1563727514.2444;0.05;25.585
387;1563727514.2493;-0.05;25.585
388;1563727514.2544;0.00;25.585
389;1563727514.2594;0.00;25.560
390;1563727514.2644;0.00;25.560
391;1563727514.2694;0.00;25.585
392;1563727514.2745;0.00;25.575
393;1563727514.2795;0.00;25.555
394;1563727514.2845;0.00;25.555
395;1563727514.2894;0.00;25.620
396;1563727514.2945;0.00;25.580
397;1563727514.2995;0.05;25.590
398;1563727514.3045;0.05;25.590
399;1563727514.3094;0.00;25.545
400;1563727514.3145;0.05;25.610
401;1563727514.3195;0.05;25.610
402;1563727514.3244;0.05;25.590
403;1563727514.3295;0.10;25.565
404;1563727514.3345;0.05;25.600
405;1563727514.3394;0.05;25.600
406;1563727514.3458;0.00;25.580
407;1563727514.3503;0.10;25.595
408;1563727514.3553;0.05;25.590
409;1563727514.3603;0.00;25.590
410;1563727514.3653;0.00;25.585
411;1563727514.3703;0.05;25.590
412;1563727514.3754;0.00;25.625
413;1563727514.3804;0.10;25.625
414;1563727514.3853;0.05;25.590
415;1563727514.3905;0.05;25.580
416;1563727514.3954;0.05;25.580
417;1563727514.4003;0.05;25.575
418;1563727514.4054;0.00;25.590
419;1563727514.4104;0.05;25.590
420;1563727514.4154;0.05;25.590
421;1563727514.4204;0.05;25.600
422;1563727514.4254;0.00;25.600
423;1563727514.4304;0.05;25.600
424;1563727514.4355;0.05;25.635
425;1563727514.4403;0.05;25.580
426;1563727514.4454;0.00;25.600
427;1563727514.4504;0.05;25.600
428;1563727514.4553;0.00;25.580
429;1563727514.4603;0.05;25.625
430;1563727514.4653;0.00;25.625
431;1563727514.4704;0.00;25.625
432;1563727514.4753;0.00;25.635
433;1563727514.4803;0.00;25.585
434;1563727514.4854;0.05;25.585
435;1563727514.4905;0.05;25.635
436;1563727514.4955;0.05;25.620
437;1563727514.5005;0.00;25.610
438;1563727514.5054;0.00;25.610
439;1563727514.5105;0.05;25.610
440;1563727514.5155;0.00;25.600
441;1563727514.5205;0.00;25.600
442;1563727514.5255;0.00;25.590
443;1563727514.5305;0.00;25.645
444;1563727514.5354;0.05;25.600
445;1563727514.5404;0.00;25.600
446;1563727514.5454;0.05;25.650
447;1563727514.5505;0.05;25.620
448;1563727514.5554;0.05;25.640
449;1563727514.5605;0.05;25.640
450;1563727514.5655;0.05;25.655
451;1563727514.5705;0.00;25.620
452;1563727514.5754;0.00;25.620
453;1563727514.5804;0.00;25.640
454;1563727514.5855;0.05;25.640
455;1563727514.5905;0.00;25.635
456;1563727514.5954;0.05;25.635
457;1563727514.6003;0.05;25.655
458;1563727514.6053;0.05;25.645
459;1563727514.6104;0.00;25.645
460;1563727514.6153;0.00;25.640
461;1563727514.6204;0.00;25.655
462;1563727514.6253;0.05;25.625
463;1563727514.6303;0.00;25.625
464;1563727514.6354;0.00;25.610
465;1563727514.6405;0.00;25.650
466;1563727514.6454;0.00;25.605
467;1563727514.6505;0.05;25.605
468;1563727514.6555;0.00;25.655
469;1563727514.6604;0.00;25.690
470;1563727514.6655;0.00;25.690
471;1563727514.6705;0.05;25.625
472;1563727514.6755;0.05;25.620
473;1563727514.6804;0.05;25.645
474;1563727514.6855;0.05;25.645
475;1563727514.6905;0.05;25.635
476;1563727514.6955;0.05;25.660
477;1563727514.7005;0.05;25.660
478;1563727514.7054;-0.05;25.640
479;1563727514.7104;0.05;25.620
480;1563727514.7154;0.05;25.620
481;1563727514.7203;0.00;25.620
482;1563727514.7254;0.00;25.640
483;1563727514.7304;0.00;25.640
484;1563727514.7354;0.00;25.655
485;1563727514.7403;0.05;25.655
486;1563727514.7454;0.00;25.655
487;1563727514.7504;0.05;25.660
488;1563727514.7554;0.00;25.660
489;1563727514.7604;0.05;25.645
490;1563727514.7655;0.05;25.660
491;1563727514.7704;0.00;25.665
492;1563727514.7754;0.00;25.665
493;1563727514.7804;0.00;25.660
494;1563727514.7854;0.00;25.650
495;1563727514.7904;0.00;25.640
496;1563727514.7955;0.00;25.640
497;1563727514.8005;0.05;25.680
498;1563727516.5165;0.00;25.750
499;1563727516.5215;0.05;25.785
500;1563727516.5264;0.05;25.770
501;1563727516.5315;0.00;25.790
502;1563727516.5366;0.05;25.790
503;1563727516.5414;0.05;25.775
504;1563727516.5463;0.05;25.775
505;1563727516.5515;0.10;25.775
506;1563727516.5563;0.10;25.750
507;1563727516.5614;0.10;25.750
508;1563727516.5663;0.10;25.760
509;1563727516.5714;0.10;25.760
510;1563727516.5764;0.05;25.750
511;1563727516.5813;0.05;25.740
512;1563727516.5869;0.10;25.795
513;1563727516.5914;0.10;25.795
514;1563727516.5964;0.05;25.760
515;1563727516.6014;0.00;25.810
516;1563727516.6065;0.00;25.810
517;1563727516.6115;0.00;25.795
518;1563727516.6165;0.00;25.790
519;1563727516.6214;0.10;25.815
520;1563727516.6264;0.10;25.815
521;1563727516.6314;0.10;25.815
522;1563727516.6364;0.10;25.835
523;1563727516.6414;0.05;25.835
524;1563727516.6464;0.05;25.775
525;1563727516.6515;0.00;25.815
526;1563727516.6564;-0.05;25.825
527;1563727516.6613;0.00;25.825
528;1563727516.6663;0.00;25.815
529;1563727516.6713;0.00;25.820
530;1563727516.6763;0.00;25.825
531;1563727516.6813;0.00;25.825
532;1563727516.6863;0.00;25.815
533;1563727516.6913;0.00;25.815
534;1563727516.6963;0.00;25.815
535;1563727516.7013;0.00;25.815
536;1563727516.7063;0.00;25.835
537;1563727516.7113;0.00;25.815
538;1563727516.7163;0.05;25.815
539;1563727516.7213;0.05;25.840
540;1563727516.7264;0.05;25.840
541;1563727516.7313;0.05;25.840
542;1563727516.7364;0.10;25.825
543;1563727516.7414;0.00;25.840
544;1563727516.7464;0.05;25.835
545;1563727516.7513;0.00;25.835
546;1563727516.7564;0.00;25.835
547;1563727516.7614;-0.05;25.840
548;1563727516.7664;0.00;25.835
549;1563727516.7714;0.00;25.835
550;1563727516.7764;0.00;25.840
551;1563727516.7815;0.00;25.815
552;1563727516.7864;0.00;25.815
553;1563727516.7914;0.00;25.835
554;1563727516.7964;0.00;25.850
555;1563727516.8015;0.00;25.840
556;1563727516.8064;-0.05;25.840
557;1563727516.8113;0.05;25.845
558;1563727516.8163;0.05;25.860
559;1563727516.8213;0.00;25.860
560;1563727516.8264;-0.05;25.875
561;1563727516.8314;0.00;25.875
562;1563727516.8364;0.00;25.870
563;1563727516.8414;0.00;25.870
564;1563727516.8464;0.00;25.835
565;1563727516.8514;0.00;25.855
566;1563727516.8564;0.00;25.885
567;1563727516.8614;0.05;25.885
568;1563727516.8664;0.05;25.845
569;1563727516.8714;0.00;25.885
570;1563727516.8764;0.00;25.885
571;1563727516.8815;0.05;25.875
572;1563727516.8864;0.05;25.885
573;1563727516.8914;0.00;25.860
574;1563727516.8964;0.00;25.860
575;1563727516.9015;0.05;25.875
576;1563727516.9064;0.05;25.880
577;1563727516.9114;0.00;25.890
578;1563727516.9164;0.05;25.890
579;1563727516.9214;0.00;25.890
580;1563727516.9264;0.05;25.880
581;1563727516.9314;0.05;25.880
582;1563727516.9363;0.05;25.870
583;1563727516.9413;0.00;25.860
584;1563727516.9464;0.00;25.895
585;1563727516.9514;0.05;25.895
586;1563727516.9564;0.05;25.845
587;1563727516.9614;0.00;25.880
588;1563727516.9664;0.05;25.880
589;1563727516.9714;0.00;25.890
590;1563727516.9763;0.00;25.890
591;1563727516.9815;0.00;25.900
592;1563727516.9865;0.00;25.900
593;1563727516.9914;0.05;25.875
594;1563727516.9964;0.05;25.890
595;1563727517.0014;0.00;25.885
596;1563727517.0064;0.00;25.885
597;1563727517.0115;0.05;25.855
598;1563727517.0164;0.05;25.880
599;1563727517.0214;0.05;25.880
600;1563727517.0264;0.00;25.910
601;1563727517.0315;0.05;25.865
602;1563727517.0364;0.05;25.900
603;1563727517.0413;0.05;25.900
604;1563727517.0464;0.00;25.890
605;1563727517.0514;0.05;25.910
606;1563727517.0564;0.05;25.910
607;1563727517.0614;0.00;25.895
608;1563727517.0664;0.05;25.915
609;1563727517.0714;0.05;25.900
610;1563727517.0764;0.05;25.900
611;1563727517.0814;0.05;25.880
612;1563727517.0864;0.05;25.900
613;1563727517.0914;0.05;25.890
614;1563727517.0965;0.05;25.890
615;1563727517.1015;0.05;25.910
616;1563727517.1065;0.00;25.905
617;1563727517.1114;0.00;25.905
618;1563727517.1164;0.00;25.915
619;1563727517.1214;0.00;25.950
620;1563727517.1264;0.00;25.865
621;1563727517.1315;0.00;25.865
622;1563727517.1365;0.00;25.920
623;1563727517.1414;0.05;25.900
624;1563727517.1464;0.00;25.900
625;1563727517.1514;0.00;25.895
626;1563727517.1564;0.00;25.920
627;1563727517.1614;0.00;25.935
628;1563727517.1664;0.05;25.935
629;1563727517.1715;0.00;25.910
630;1563727517.1764;-0.05;25.920
631;1563727517.1814;0.05;25.920
632;1563727517.1864;0.05;25.920
633;1563727517.1914;0.00;25.935
634;1563727517.1964;0.00;25.910
635;1563727517.2014;0.00;25.910
636;1563727517.2064;0.00;25.915
637;1563727517.2113;0.00;25.920
638;1563727517.2164;0.00;25.915
639;1563727517.2213;0.00;25.915
640;1563727517.2264;0.05;25.935
641;1563727517.2315;0.00;25.950
642;1563727517.2363;0.05;25.950
643;1563727517.2414;0.00;25.940
644;1563727517.2464;0.00;25.955
645;1563727517.2514;0.05;25.915
646;1563727517.2564;0.10;25.915
647;1563727517.2614;0.10;25.935
648;1563727517.2664;0.15;25.910
649;1563727517.2715;0.10;25.935
650;1563727517.2764;0.05;25.935
651;1563727517.2815;0.10;25.920
652;1563727517.2864;0.10;25.920
653;1563727517.2915;0.00;25.920
654;1563727517.2964;0.00;25.930
655;1563727517.3015;0.00;25.975
656;1563727517.3064;0.05;25.935
657;1563727517.3114;0.05;25.935
658;1563727517.3164;0.00;25.945
659;1563727517.3214;0.05;25.950
660;1563727517.3264;0.00;25.895
661;1563727517.3314;0.05;25.895
662;1563727517.3363;0.05;25.930
663;1563727517.3414;0.00;25.925
664;1563727517.3464;0.05;25.925
665;1563727517.3515;0.05;25.935
666;1563727517.3565;0.05;25.940
667;1563727517.3614;0.00;25.945
668;1563727517.3664;0.00;25.945
669;1563727517.3715;0.00;25.925
670;1563727517.3764;0.00;25.955
671;1563727517.3815;0.05;25.955
672;1563727517.3869;0.05;25.940
673;1563727517.3924;0.05;25.950
674;1563727517.3974;-0.05;25.975
675;1563727517.4024;0.00;25.975
676;1563727517.4074;0.00;25.915
677;1563727517.4125;0.00;25.950
678;1563727517.4174;0.00;25.925
679;1563727517.4224;0.05;25.925
680;1563727517.4274;0.05;25.960
681;1563727517.4324;0.05;25.945
682;1563727517.4374;0.05;25.965
683;1563727517.4423;0.05;25.965
684;1563727517.4473;0.05;25.965
685;1563727517.4524;0.10;25.975
686;1563727517.4573;0.10;25.975
687;1563727517.4624;0.05;25.915
688;1563727517.4673;0.00;25.935
689;1563727517.4725;0.05;25.990
690;1563727517.4774;0.05;25.990
691;1563727517.4824;0.00;25.955
692;1563727517.4875;0.05;25.945
693;1563727517.4924;0.00;25.955
694;1563727517.4975;0.05;25.955
695;1563727517.5025;0.05;25.950
696;1563727517.5075;-0.05;25.970
697;1563727517.5125;0.00;25.970
698;1563727517.5175;0.00;25.935
699;1563727517.5225;0.00;25.940
700;1563727517.5274;0.00;25.975
701;1563727517.5324;0.00;25.975
702;1563727517.5374;0.05;25.955
703;1563727517.5425;0.10;25.955
704;1563727517.5475;0.05;25.955
705;1563727517.5524;0.05;25.950
706;1563727517.5574;0.05;25.975
707;1563727517.5624;0.00;25.935
708;1563727517.5674;0.05;25.935
709;1563727517.5724;0.00;25.965
710;1563727517.5774;0.05;25.990
711;1563727517.5825;0.00;25.955
712;1563727517.5875;0.05;25.955
713;1563727517.5924;0.05;25.970
714;1563727517.5974;0.00;25.970
715;1563727517.6025;0.00;25.970
716;1563727517.6075;0.05;25.945
717;1563727517.6125;0.00;25.990
718;1563727517.6174;0.00;25.935
719;1563727517.6224;0.05;25.935
720;1563727517.6273;0.05;25.970
721;1563727517.6324;0.00;25.950
722;1563727517.6374;0.05;25.950
723;1563727517.6425;0.00;25.975
724;1563727517.6475;0.00;25.960
725;1563727517.6526;0.05;25.960
726;1563727517.6575;-0.05;25.960
727;1563727517.6624;0.00;25.940
728;1563727517.6674;0.00;25.960
729;1563727517.6725;0.05;26.000
730;1563727517.6775;0.00;26.000
731;1563727517.6824;0.00;25.975
732;1563727517.6874;0.00;25.965
733;1563727517.6923;0.05;25.965
734;1563727517.6974;0.05;25.985
735;1563727517.7024;0.00;25.980
736;1563727517.7075;0.00;25.965
737;1563727517.7123;0.05;25.965
738;1563727517.7174;0.05;25.995
739;1563727517.7224;0.05;26.000
740;1563727517.7274;0.00;26.000
741;1563727517.7325;0.05;25.965
742;1563727517.7374;0.05;26.000
743;1563727517.7424;0.05;25.980
744;1563727517.7475;0.00;25.980
745;1563727517.7525;0.05;25.970
746;1563727517.7574;0.05;25.970
747;1563727517.7625;0.00;25.995
748;1563727517.7675;-0.05;25.995
749;1563727517.7724;0.05;25.950
750;1563727517.7775;0.00;25.995
751;1563727517.7825;0.05;25.995
752;1563727517.7874;0.00;25.960
753;1563727517.7925;0.00;26.010
754;1563727517.7974;0.05;26.000
755;1563727517.8024;0.05;26.000
756;1563727517.8074;0.05;25.990
757;1563727517.8124;0.00;25.990
758;1563727517.8174;0.05;25.975
759;1563727517.8225;0.00;25.975
760;1563727517.8273;0.00;26.010
761;1563727517.8324;0.00;26.015
762;1563727517.8374;0.00;26.015
763;1563727517.8424;0.00;25.990
764;1563727517.8474;0.05;26.010
765;1563727517.8524;0.05;25.990
766;1563727517.8574;0.05;25.990
767;1563727517.8624;0.05;25.995
768;1563727517.8674;0.05;25.955
769;1563727517.8724;0.00;25.955
770;1563727517.8774;0.05;25.955
771;1563727517.8825;0.05;25.975
772;1563727517.8874;0.05;25.990
773;1563727517.8925;0.00;25.990
774;1563727517.8974;0.00;25.965
775;1563727517.9025;0.00;26.000
776;1563727517.9075;0.00;26.015
777;1563727517.9124;0.00;26.015
778;1563727517.9175;0.05;26.015
779;1563727517.9225;0.00;25.985
780;1563727517.9275;0.00;25.985
781;1563727517.9324;-0.05;25.980
782;1563727517.9373;0.05;26.025
783;1563727517.9423;0.05;25.995
784;1563727517.9473;0.00;25.995
785;1563727517.9524;0.05;25.970
786;1563727517.9574;0.05;25.995
787;1563727517.9624;0.00;25.995
788;1563727517.9674;0.00;25.995
789;1563727517.9725;0.00;26.005
790;1563727517.9774;0.05;25.995
791;1563727517.9825;0.00;25.995
792;1563727517.9874;0.00;25.980
793;1563727517.9925;0.00;26.010
794;1563727517.9974;0.00;25.980
795;1563727518.0024;0.00;25.980
796;1563727518.0075;0.05;26.020
797;1563727518.0125;0.05;25.975
798;1563727518.0174;0.05;25.975
799;1563727518.0224;0.00;26.020
800;1563727518.0275;0.05;25.985
801;1563727518.0324;0.05;25.995
802;1563727518.0374;0.05;25.995
803;1563727518.0424;0.00;25.995
804;1563727518.0473;0.05;26.010
805;1563727518.0523;0.05;26.010
806;1563727518.0573;0.15;26.010
807;1563727518.0624;0.35;26.030
808;1563727518.0673;0.50;25.990
809;1563727518.0723;0.35;25.990
810;1563727518.0774;0.20;25.975
811;1563727518.0824;0.10;25.995
812;1563727518.0874;0.15;25.995
813;1563727518.0924;0.10;25.995
814;1563727518.0974;0.15;25.985
815;1563727518.1024;0.25;26.030
816;1563727518.1074;0.30;26.030
817;1563727518.1124;0.15;26.010
818;1563727518.1174;0.15;25.990
819;1563727518.1225;0.25;26.010
820;1563727518.1275;0.20;26.010
821;1563727518.1325;0.05;26.035
822;1563727518.1374;-0.05;25.995
823;1563727518.1425;-0.05;25.995
824;1563727518.1474;0.00;25.995
825;1563727518.1523;-0.05;26.015
826;1563727518.1573;-0.05;25.990
827;1563727518.1624;-0.10;25.990
828;1563727518.1674;-0.10;26.025
829;1563727518.1723;-0.10;25.990
830;1563727518.1774;-0.10;25.995
831;1563727518.1824;-0.10;25.995
832;1563727518.1877;-0.20;25.960
833;1563727518.1924;-0.10;26.040
834;1563727518.1974;-0.05;26.040
835;1563727518.2023;0.10;25.985
836;1563727518.2073;0.00;25.990
837;1563727518.2123;-0.60;26.015
838;1563727518.2174;0.30;26.015
839;1563727518.2224;0.05;25.995
840;1563727518.2274;-0.20;26.010
841;1563727518.2325;0.20;26.000
842;1563727518.2374;-0.55;26.000
843;1563727518.2425;0.25;26.005
844;1563727518.2474;0.45;26.030
845;1563727518.2524;0.45;26.030
846;1563727518.2574;0.25;26.030
847;1563727518.2624;0.55;26.015
848;1563727518.2674;0.15;25.975
849;1563727518.2724;0.05;25.975
850;1563727518.2775;0.15;26.035
851;1563727518.2824;0.10;26.015
852;1563727518.2874;0.05;26.015
853;1563727518.2925;0.05;26.015
854;1563727518.2975;0.10;26.035
855;1563727518.3024;0.20;26.035
856;1563727518.3074;0.25;26.035
857;1563727518.3123;0.25;25.985
858;1563727518.3174;0.25;26.015
859;1563727518.3224;0.25;26.040
860;1563727518.3275;0.20;26.040
861;1563727518.3325;0.20;25.995
862;1563727518.3374;0.15;25.985
863;1563727518.3424;0.10;25.985
864;1563727518.3475;0.10;26.000
865;1563727518.3524;0.05;26.030
866;1563727518.3574;0.05;26.025
867;1563727518.3624;0.00;26.025
868;1563727518.3675;0.00;26.020
869;1563727518.3725;-0.05;26.015
870;1563727518.3774;-0.05;26.015
871;1563727518.3825;-0.10;26.035
872;1563727518.3875;-0.10;26.020
873;1563727518.3925;-0.20;26.020
874;1563727518.3974;-0.20;26.020
875;1563727518.4025;-0.25;26.015
876;1563727518.4075;-0.35;25.995
877;1563727518.4124;-0.30;26.015
878;1563727518.4174;-0.25;26.015
879;1563727518.4224;-0.25;26.030
880;1563727518.4274;-0.25;25.995
881;1563727518.4324;-0.25;25.995
882;1563727518.4374;-0.25;26.015
883;1563727518.4423;-0.25;26.045
884;1563727518.4473;-0.20;26.005
885;1563727518.4523;-0.20;26.005
886;1563727518.4573;-0.15;26.015
887;1563727518.4623;-0.10;26.025
888;1563727518.4674;0.00;26.025
889;1563727518.4723;0.05;26.005
890;1563727518.4774;0.05;26.000
891;1563727518.4824;0.10;26.025
892;1563727518.4875;0.10;26.025
893;1563727518.4924;0.05;26.035
894;1563727518.4974;0.10;26.040
895;1563727518.5025;0.10;26.010
896;1563727518.5075;0.05;26.010
897;1563727518.5124;0.10;26.015
898;1563727518.5174;0.10;26.055
899;1563727518.5225;0.10;26.055
900;1563727518.5275;0.05;26.015
901;1563727518.5325;0.10;26.025
902;1563727518.5374;0.05;26.005
903;1563727518.5424;0.05;26.005
904;1563727518.5475;0.00;26.020
905;1563727518.5524;0.05;26.050
906;1563727518.5576;0.05;26.015
907;1563727518.5623;0.05;26.015
908;1563727518.5675;0.05;26.040
909;1563727518.5724;0.05;26.015
910;1563727518.5776;0.05;26.015
911;1563727518.5824;0.05;26.065
912;1563727518.5875;0.05;26.015
913;1563727518.5924;0.00;26.030
914;1563727518.5974;0.05;26.030
915;1563727518.6024;0.00;26.010
916;1563727518.6074;0.05;26.050
917;1563727518.6125;0.05;26.050
918;1563727518.6174;0.05;26.040
919;1563727518.6224;0.00;26.015
920;1563727518.6274;0.00;26.045
921;1563727518.6324;0.00;26.045
922;1563727518.6374;0.05;26.025
923;1563727518.6424;0.05;26.055
924;1563727518.6475;0.05;26.025
925;1563727518.6524;0.05;26.025
926;1563727518.6574;0.05;26.010
927;1563727518.6623;0.00;26.035
928;1563727518.6673;0.05;26.035
929;1563727518.6723;0.05;26.050
930;1563727518.6774;0.05;26.060
931;1563727518.6823;0.05;26.030
932;1563727518.6874;0.05;26.030
933;1563727518.6924;0.00;26.055
934;1563727518.6974;0.05;26.025
935;1563727518.7023;0.05;26.025
936;1563727518.7074;0.00;26.040
937;1563727518.7124;0.05;26.035
938;1563727518.7174;0.05;26.080
939;1563727518.7225;0.05;26.080
940;1563727518.7275;0.05;26.030
941;1563727518.7325;0.05;26.065
942;1563727518.7374;0.05;26.045
943;1563727518.7425;0.10;26.045
944;1563727518.7475;0.15;26.065
945;1563727518.7524;0.05;26.030
946;1563727518.7574;0.10;26.030
947;1563727518.7624;0.10;26.050
948;1563727518.7674;0.10;26.035
949;1563727518.7724;0.10;26.055
950;1563727518.7775;0.10;26.055
951;1563727518.7824;0.10;26.060
952;1563727518.7874;0.05;26.090
953;1563727518.7924;0.05;26.090
954;1563727518.7974;0.00;26.065
955;1563727518.8023;0.00;26.045
956;1563727518.8074;-0.05;26.055
957;1563727518.8124;0.00;26.055
958;1563727518.8174;0.00;26.035
959;1563727518.8223;0.05;26.060
960;1563727518.8275;0.05;26.090
961;1563727518.8324;0.05;26.090
962;1563727518.8374;0.00;26.095
963;1563727518.8425;0.00;26.050
964;1563727518.8475;0.00;26.050
965;1563727518.8524;0.00;26.035
966;1563727518.8575;0.00;26.045
967;1563727518.8625;0.00;26.060
968;1563727518.8676;0.00;26.060
969;1563727518.8724;0.05;26.075
970;1563727518.8775;0.05;26.075
971;1563727518.8824;0.05;26.075
972;1563727518.8875;0.05;26.075
973;1563727518.8924;0.05;26.095
974;1563727518.8975;0.05;26.055
975;1563727518.9024;0.05;26.055
976;1563727518.9075;0.05;26.045
977;1563727518.9124;0.10;26.035
978;1563727518.9175;0.10;26.085
979;1563727518.9224;0.05;26.085
980;1563727518.9274;0.05;26.065
981;1563727518.9324;0.05;26.075
982;1563727518.9374;0.05;26.075
983;1563727518.9424;0.05;26.095
984;1563727518.9474;0.05;26.035
985;1563727518.9524;0.05;26.075
986;1563727518.9573;0.00;26.075
987;1563727518.9625;0.05;26.045
988;1563727518.9673;0.05;26.060
989;1563727518.9724;0.05;26.075
990;1563727518.9774;0.05;26.075
991;1563727518.9824;0.05;26.095
992;1563727518.9874;0.10;26.115
993;1563727518.9923;0.05;26.115
994;1563727518.9974;0.05;26.100
995;1563727519.0024;0.05;26.075
996;1563727519.0074;0.10;26.095
997;1563727519.0123;0.05;26.095
998;1563727519.0174;0.10;26.095
999;1563727519.0224;0.10;26.075
1000;1563727519.0273;0.05;26.075
1001;1563727519.0324;0.05;26.060
1002;1563727519.0374;0.10;26.070
1003;1563727519.0424;0.10;26.075
1004;1563727519.0473;0.10;26.075
1005;1563727519.0523;0.10;26.075
1006;1563727519.0574;0.10;26.065
1007;1563727519.0624;0.05;26.105
1008;1563727519.0674;0.05;26.105
1009;1563727519.0724;0.05;26.095
1010;1563727519.0774;0.05;26.115
1011;1563727519.0825;0.05;26.115
1012;1563727519.0875;0.05;26.075
1013;1563727519.0925;0.00;26.095
1014;1563727519.0974;0.05;26.065
1015;1563727519.1025;0.05;26.065
1016;1563727519.1074;0.00;26.100
1017;1563727519.1125;0.05;26.100
1018;1563727519.1175;0.05;26.100
1019;1563727519.1224;0.05;26.040
1020;1563727519.1275;0.10;26.070
1021;1563727519.1324;0.05;26.100
1022;1563727519.1374;0.05;26.100
1023;1563727519.1425;0.05;26.135
1024;1563727519.1474;0.15;26.085
1025;1563727519.1525;0.05;26.100
1026;1563727519.1574;0.00;26.100
1027;1563727519.1624;0.05;26.095
1028;1563727519.1675;0.05;26.080
1029;1563727519.1725;0.10;26.080
1030;1563727519.1775;0.05;26.105
1031;1563727519.1824;0.15;26.060
1032;1563727519.1874;0.10;26.075
1033;1563727519.1923;0.15;26.075
1034;1563727519.1973;0.10;26.080
1035;1563727519.2024;0.10;26.090
1036;1563727519.2074;0.10;26.090
1037;1563727519.2123;0.15;26.090
1038;1563727519.2173;0.15;26.070
1039;1563727519.2223;0.15;26.065
1040;1563727519.2275;0.20;26.065
1041;1563727519.2324;0.10;26.090
1042;1563727519.2374;0.15;26.125
1043;1563727519.2425;0.20;26.100
1044;1563727519.2474;0.15;26.100
1045;1563727519.2525;0.10;26.090
1046;1563727519.2574;0.15;26.080
1047;1563727519.2625;0.20;26.080
1048;1563727519.2675;0.10;26.095
1049;1563727519.2725;0.10;26.105
1050;1563727519.2775;0.00;26.100
1051;1563727519.2825;0.00;26.100
1052;1563727519.2875;0.05;26.115
1053;1563727519.2924;0.00;26.090
1054;1563727519.2974;0.05;26.090
1055;1563727519.3023;0.05;26.105
1056;1563727519.3074;0.00;26.110
1057;1563727519.3124;0.05;26.095
1058;1563727519.3174;0.05;26.095
1059;1563727519.3224;0.05;26.135
1060;1563727519.3274;0.05;26.110
1061;1563727519.3325;0.05;26.080
1062;1563727519.3374;0.00;26.080
1063;1563727519.3424;0.00;26.100
1064;1563727519.3473;0.00;26.115
1065;1563727519.3523;-0.05;26.115
1066;1563727519.3574;0.05;26.125
1067;1563727519.3624;-0.05;26.120
1068;1563727519.3674;0.00;26.080
1069;1563727519.3724;0.00;26.080
1070;1563727519.3774;0.00;26.105
1071;1563727519.3825;0.00;26.095
1072;1563727519.3874;-0.05;26.100
1073;1563727519.3925;0.00;26.100
1074;1563727519.3974;0.05;26.150
1075;1563727519.4025;0.00;26.110
1076;1563727519.4076;0.00;26.110
1077;1563727519.4125;-0.05;26.095
1078;1563727519.4174;-0.05;26.070
1079;1563727519.4224;-0.05;26.135
1080;1563727519.4273;0.00;26.135
1081;1563727519.4323;-0.05;26.120
1082;1563727519.4374;0.00;26.105
1083;1563727519.4423;0.00;26.105
1084;1563727519.4473;0.05;26.115
1085;1563727519.4523;0.00;26.150
1086;1563727519.4573;0.05;26.140
1087;1563727519.4623;0.05;26.140
1088;1563727519.4674;-0.05;26.115
1089;1563727519.4724;0.00;26.115
1090;1563727519.4774;0.00;26.075
1091;1563727519.4824;0.00;26.075
1092;1563727519.4874;0.05;26.130
1093;1563727519.4925;0.05;26.125
1094;1563727519.4974;0.05;26.125
1095;1563727519.5024;0.00;26.115
1096;1563727519.5075;0.05;26.135
1097;1563727519.5124;0.00;26.140
1098;1563727519.5174;0.00;26.140
1099;1563727519.5224;0.00;26.135
1100;1563727519.5275;-0.05;26.165
1101;1563727519.5324;0.00;26.165
1102;1563727519.5374;0.05;26.135
1103;1563727519.5424;0.00;26.135
1104;1563727519.5475;0.00;26.135
1105;1563727519.5525;0.00;26.135
1106;1563727519.5574;0.00;26.100
1107;1563727519.5624;0.05;26.100
1108;1563727519.5674;0.00;26.130
1109;1563727519.5724;0.00;26.130
1110;1563727519.5774;0.00;26.125
1111;1563727519.5824;0.05;26.165
1112;1563727519.5875;0.05;26.165
1113;1563727519.5924;0.05;26.095
1114;1563727519.5974;0.10;26.150
1115;1563727519.6024;0.10;26.130
1116;1563727519.6074;0.05;26.130
1117;1563727519.6124;0.05;26.120
1118;1563727519.6174;0.05;26.115
1119;1563727519.6224;0.05;26.115
1120;1563727519.6274;0.00;26.120
1121;1563727519.6323;0.05;26.150
1122;1563727519.6374;0.05;26.145
1123;1563727519.6423;0.05;26.145
1124;1563727519.6474;0.05;26.140
1125;1563727519.6524;0.05;26.135
1126;1563727519.6574;0.10;26.170
1127;1563727519.6624;0.10;26.170
1128;1563727519.6674;0.00;26.140
1129;1563727519.6723;0.05;26.155
1130;1563727519.6773;0.05;26.155
1131;1563727519.6824;0.05;26.155
1132;1563727519.6873;0.10;26.150
1133;1563727519.6923;0.05;26.100
1134;1563727519.6974;0.05;26.100
1135;1563727519.7025;0.05;26.115
1136;1563727519.7074;0.05;26.145
1137;1563727519.7124;0.05;26.145
1138;1563727519.7175;0.05;26.145
1139;1563727519.7224;0.00;26.155
1140;1563727519.7275;0.05;26.145
1141;1563727519.7324;0.05;26.145
1142;1563727519.7374;0.05;26.130
1143;1563727519.7424;0.10;26.160
1144;1563727519.7474;0.05;26.160
1145;1563727519.7524;0.05;26.160
1146;1563727519.7577;0.05;26.150
1147;1563727519.7625;0.05;26.150
1148;1563727519.7674;0.05;26.150
1149;1563727519.7725;0.00;26.140
1150;1563727519.7775;0.05;26.165
1151;1563727519.7825;0.00;26.130
1152;1563727519.7874;-0.05;26.130
1153;1563727519.7927;-0.05;26.160
1154;1563727519.7973;0.00;26.150
1155;1563727519.8024;-0.05;26.135
1156;1563727519.8073;0.00;26.135
1157;1563727519.8124;0.00;26.165
1158;1563727519.8174;-0.05;26.145
1159;1563727519.8224;0.00;26.145
1160;1563727519.8274;0.00;26.145
1161;1563727519.8325;0.00;26.170
1162;1563727519.8374;0.05;26.165
1163;1563727519.8425;0.00;26.165
1164;1563727519.8474;0.00;26.150
1165;1563727519.8525;0.05;26.155
1166;1563727519.8574;0.05;26.155
1167;1563727519.8625;0.05;26.195
1168;1563727519.8674;0.10;26.175
1169;1563727519.8725;0.05;26.150
1170;1563727519.8775;0.05;26.150
1171;1563727519.8824;0.05;26.165
1172;1563727519.8875;0.00;26.180
1173;1563727519.8925;-0.05;26.180
1174;1563727519.8974;-0.05;26.180
1175;1563727519.9025;0.00;26.185
1176;1563727519.9075;-0.05;26.160
1177;1563727519.9125;0.00;26.160
1178;1563727519.9174;0.05;26.175
1179;1563727519.9224;0.00;26.175
1180;1563727519.9274;0.05;26.140
1181;1563727519.9324;0.05;26.140
1182;1563727519.9374;0.05;26.170
1183;1563727519.9424;0.05;26.190
1184;1563727519.9474;0.10;26.190
1185;1563727519.9525;0.00;26.180
1186;1563727519.9574;0.05;26.180
1187;1563727519.9623;0.05;26.160
1188;1563727519.9673;0.05;26.160
1189;1563727519.9724;0.05;26.170
1190;1563727519.9774;0.05;26.135
1191;1563727519.9825;0.05;26.160
1192;1563727519.9874;0.05;26.160
1193;1563727519.9925;0.00;26.170
1194;1563727519.9974;0.00;26.175
1195;1563727520.0024;0.05;26.175
1196;1563727520.0074;0.00;26.175
1197;1563727520.0125;0.00;26.155
1198;1563727520.0174;0.05;26.180
1199;1563727520.0224;0.00;26.180
1200;1563727520.0274;0.05;26.195
1201;1563727520.0325;-0.05;26.185
