0;1563730947.1510;-0.05;27.285;255;255;172;21;81;215;0;60;57
1;1563730947.1560;-0.05;27.285;255;255;172;21;81;215;0;60;57
2;1563730947.1610;-0.05;27.305;255;255;172;21;85;19;0;60;57
3;1563730947.1660;-0.05;27.250;255;255;172;21;74;126;0;60;57
4;1563730947.1710;-0.10;27.240;255;254;157;21;72;28;0;60;57
5;1563730947.1760;-0.05;27.240;255;255;172;21;72;28;0;60;57
6;1563730947.1810;-0.05;27.275;255;255;172;21;79;139;0;60;57
7;1563730947.1860;-0.05;27.260;255;255;172;21;76;216;0;60;57
8;1563730947.1910;-0.05;27.260;255;255;172;21;76;216;0;60;57
9;1563730947.1960;-0.05;27.300;255;255;172;21;84;34;0;60;57
10;1563730947.2010;-0.05;27.320;255;255;172;21;88;95;0;60;57
11;1563730947.2060;-0.05;27.285;255;255;172;21;81;215;0;60;57
12;1563730947.2110;0.00;27.285;0;0;129;21;81;215;0;60;57
13;1563730947.2160;-0.05;27.280;255;255;172;21;80;230;0;60;57
14;1563730947.2210;-0.05;27.225;255;255;172;21;69;80;0;60;57
15;1563730947.2260;-0.05;27.225;255;255;172;21;69;80;0;60;57
16;1563730947.2310;-0.05;27.260;255;255;172;21;76;216;0;60;57
17;1563730947.2360;-0.05;27.225;255;255;172;21;69;80;0;60;57
18;1563730947.2410;-0.05;27.280;255;255;172;21;80;230;0;60;57
19;1563730947.2460;0.00;27.280;0;0;129;21;80;230;0;60;57
20;1563730947.2510;-0.05;27.270;255;255;172;21;78;186;0;60;57
21;1563730947.2560;-0.05;27.255;255;255;172;21;75;79;0;60;57
22;1563730947.2610;-0.05;27.255;255;255;172;21;75;79;0;60;57
23;1563730947.2660;-0.05;27.255;255;255;172;21;75;79;0;60;57
24;1563730947.2710;-0.05;27.315;255;255;172;21;87;113;0;60;57
25;1563730947.2760;0.00;27.275;0;0;129;21;79;139;0;60;57
26;1563730947.2810;-0.05;27.275;255;255;172;21;79;139;0;60;57
27;1563730947.2861;-0.05;27.310;255;255;172;21;86;64;0;60;57
28;1563730947.2910;-0.05;27.290;255;255;172;21;82;132;0;60;57
29;1563730947.2960;-0.05;27.280;255;255;172;21;80;230;0;60;57
30;1563730947.3010;-0.10;27.280;255;254;157;21;80;230;0;60;57
31;1563730947.3060;-0.05;27.265;255;255;172;21;77;233;0;60;57
32;1563730947.3110;-0.05;27.300;255;255;172;21;84;34;0;60;57
33;1563730947.3160;-0.05;27.300;255;255;172;21;84;34;0;60;57
34;1563730947.3210;-0.05;27.280;255;255;172;21;80;230;0;60;57
35;1563730947.3260;-0.10;27.250;255;254;157;21;74;126;0;60;57
36;1563730947.3310;-0.10;27.285;255;254;157;21;81;215;0;60;57
37;1563730947.3361;-0.05;27.285;255;255;172;21;81;215;0;60;57
38;1563730947.3410;-0.05;27.280;255;255;172;21;80;230;0;60;57
39;1563730947.3460;-0.05;27.290;255;255;172;21;82;132;0;60;57
40;1563730947.3510;0.00;27.290;0;0;129;21;82;132;0;60;57
41;1563730947.3560;-0.05;27.300;255;255;172;21;84;34;0;60;57
42;1563730947.3610;-0.05;27.280;255;255;172;21;80;230;0;60;57
43;1563730947.3660;-0.05;27.260;255;255;172;21;76;216;0;60;57
44;1563730947.3710;-0.05;27.260;255;255;172;21;76;216;0;60;57
45;1563730947.3760;-0.05;27.245;255;255;172;21;73;45;0;60;57
46;1563730947.3810;0.00;27.255;0;0;129;21;75;79;0;60;57
47;1563730947.3860;-0.05;27.270;255;255;172;21;78;186;0;60;57
48;1563730947.3910;0.00;27.270;0;0;129;21;78;186;0;60;57
49;1563730947.3960;-0.05;27.300;255;255;172;21;84;34;0;60;57
50;1563730947.4010;-0.10;27.265;255;254;157;21;77;233;0;60;57
51;1563730947.4060;-0.05;27.265;255;255;172;21;77;233;0;60;57
52;1563730947.4110;0.00;27.255;0;0;129;21;75;79;0;60;57
53;1563730947.4160;0.00;27.260;0;0;129;21;76;216;0;60;57
54;1563730947.4211;-0.05;27.265;255;255;172;21;77;233;0;60;57
55;1563730947.4260;-0.05;27.265;255;255;172;21;77;233;0;60;57
56;1563730947.4310;-0.05;27.220;255;255;172;21;68;97;0;60;57
57;1563730947.4360;-0.05;27.300;255;255;172;21;84;34;0;60;57
58;1563730947.4410;-0.10;27.300;255;254;157;21;84;34;0;60;57
59;1563730947.4460;-0.05;27.300;255;255;172;21;84;34;0;60;57
60;1563730947.4510;-0.05;27.245;255;255;172;21;73;45;0;60;57
61;1563730947.4560;-0.05;27.290;255;255;172;21;82;132;0;60;57
62;1563730947.4610;-0.05;27.290;255;255;172;21;82;132;0;60;57
63;1563730947.4660;-0.05;27.245;255;255;172;21;73;45;0;60;57
64;1563730947.4710;0.00;27.240;0;0;129;21;72;28;0;60;57
65;1563730947.4761;-0.05;27.265;255;255;172;21;77;233;0;60;57
66;1563730947.4810;-0.10;27.265;255;254;157;21;77;233;0;60;57
67;1563730947.4860;-0.05;27.320;255;255;172;21;88;95;0;60;57
68;1563730947.4910;-0.05;27.300;255;255;172;21;84;34;0;60;57
69;1563730947.4960;-0.05;27.300;255;255;172;21;84;34;0;60;57
70;1563730947.5011;0.00;27.240;0;0;129;21;72;28;0;60;57
71;1563730947.5060;-0.05;27.260;255;255;172;21;76;216;0;60;57
72;1563730947.5110;-0.05;27.280;255;255;172;21;80;230;0;60;57
73;1563730947.5161;-0.05;27.280;255;255;172;21;80;230;0;60;57
74;1563730947.5211;0.00;27.300;0;0;129;21;84;34;0;60;57
75;1563730947.5260;0.00;27.285;0;0;129;21;81;215;0;60;57
76;1563730947.5310;0.00;27.285;0;0;129;21;81;215;0;60;57
77;1563730947.5360;-0.05;27.305;255;255;172;21;85;19;0;60;57
78;1563730947.5410;0.00;27.310;0;0;129;21;86;64;0;60;57
79;1563730947.5460;-0.05;27.290;255;255;172;21;82;132;0;60;57
80;1563730947.5510;-0.05;27.290;255;255;172;21;82;132;0;60;57
81;1563730947.5560;-0.05;27.280;255;255;172;21;80;230;0;60;57
82;1563730947.5610;0.00;27.280;0;0;129;21;80;230;0;60;57
83;1563730947.5660;-0.10;27.280;255;254;157;21;80;230;0;60;57
84;1563730947.5711;-0.05;27.280;255;255;172;21;80;230;0;60;57
85;1563730947.5760;0.00;27.270;0;0;129;21;78;186;0;60;57
86;1563730947.5810;-0.05;27.300;255;255;172;21;84;34;0;60;57
87;1563730947.5860;-0.05;27.300;255;255;172;21;84;34;0;60;57
88;1563730947.5911;-0.05;27.275;255;255;172;21;79;139;0;60;57
89;1563730947.5961;-0.05;27.250;255;255;172;21;74;126;0;60;57
90;1563730947.6010;-0.05;27.255;255;255;172;21;75;79;0;60;57
91;1563730947.6060;-0.05;27.255;255;255;172;21;75;79;0;60;57
92;1563730947.6111;-0.10;27.280;255;254;157;21;80;230;0;60;57
93;1563730947.6160;-0.05;27.295;255;255;172;21;83;181;0;60;57
94;1563730947.6211;-0.05;27.295;255;255;172;21;83;181;0;60;57
95;1563730947.6261;-0.05;27.280;255;255;172;21;80;230;0;60;57
96;1563730947.6311;-0.05;27.270;255;255;172;21;78;186;0;60;57
97;1563730947.6361;-0.05;27.300;255;255;172;21;84;34;0;60;57
98;1563730947.6411;-0.05;27.300;255;255;172;21;84;34;0;60;57
99;1563730947.6461;-0.05;27.295;255;255;172;21;83;181;0;60;57
100;1563730947.6511;-0.05;27.300;255;255;172;21;84;34;0;60;57
101;1563730947.6561;-0.05;27.275;255;255;172;21;79;139;0;60;57
102;1563730947.6611;-0.05;27.275;255;255;172;21;79;139;0;60;57
103;1563730947.6661;-0.05;27.275;255;255;172;21;79;139;0;60;57
104;1563730947.6711;-0.05;27.300;255;255;172;21;84;34;0;60;57
105;1563730947.6761;-0.05;27.300;255;255;172;21;84;34;0;60;57
106;1563730947.6810;-0.05;27.260;255;255;172;21;76;216;0;60;57
107;1563730947.6860;-0.05;27.260;255;255;172;21;76;216;0;60;57
108;1563730947.6910;-0.05;27.245;255;255;172;21;73;45;0;60;57
109;1563730947.6960;-0.10;27.245;255;254;157;21;73;45;0;60;57
110;1563730947.7011;0.00;27.260;0;0;129;21;76;216;0;60;57
111;1563730947.7061;-0.10;27.290;255;254;157;21;82;132;0;60;57
112;1563730947.7111;-0.05;27.290;255;255;172;21;82;132;0;60;57
113;1563730947.7160;-0.05;27.305;255;255;172;21;85;19;0;60;57
114;1563730947.7211;-0.10;27.280;255;254;157;21;80;230;0;60;57
115;1563730947.7262;-0.05;27.280;255;255;172;21;80;230;0;60;57
116;1563730947.7311;-0.05;27.280;255;255;172;21;80;230;0;60;57
117;1563730947.7361;-0.05;27.285;255;255;172;21;81;215;0;60;57
118;1563730947.7411;-0.05;27.280;255;255;172;21;80;230;0;60;57
119;1563730947.7461;0.00;27.280;0;0;129;21;80;230;0;60;57
120;1563730947.7511;-0.05;27.295;255;255;172;21;83;181;0;60;57
121;1563730947.7562;0.00;27.280;0;0;129;21;80;230;0;60;57
122;1563730947.7611;0.00;27.280;0;0;129;21;80;230;0;60;57
123;1563730947.7661;-0.05;27.280;255;255;172;21;80;230;0;60;57
124;1563730947.7712;-0.05;27.280;255;255;172;21;80;230;0;60;57
125;1563730947.7761;-0.05;27.275;255;255;172;21;79;139;0;60;57
126;1563730947.7811;-0.05;27.290;255;255;172;21;82;132;0;60;57
127;1563730947.7861;-0.05;27.290;255;255;172;21;82;132;0;60;57
128;1563730947.7911;-0.05;27.260;255;255;172;21;76;216;0;60;57
129;1563730947.7961;-0.05;27.255;255;255;172;21;75;79;0;60;57
130;1563730947.8011;-0.05;27.255;255;255;172;21;75;79;0;60;57
131;1563730947.8060;-0.05;27.270;255;255;172;21;78;186;0;60;57
132;1563730947.8111;-0.05;27.285;255;255;172;21;81;215;0;60;57
133;1563730947.8161;-0.05;27.275;255;255;172;21;79;139;0;60;57
134;1563730947.8211;-0.10;27.275;255;254;157;21;79;139;0;60;57
135;1563730947.8260;0.00;27.265;0;0;129;21;77;233;0;60;57
136;1563730947.8311;-0.05;27.260;255;255;172;21;76;216;0;60;57
137;1563730947.8360;-0.05;27.260;255;255;172;21;76;216;0;60;57
138;1563730947.8411;-0.05;27.265;255;255;172;21;77;233;0;60;57
139;1563730947.8461;-0.05;27.290;255;255;172;21;82;132;0;60;57
140;1563730947.8511;-0.05;27.245;255;255;172;21;73;45;0;60;57
141;1563730947.8563;-0.05;27.245;255;255;172;21;73;45;0;60;57
142;1563730947.8611;-0.05;27.305;255;255;172;21;85;19;0;60;57
143;1563730947.8662;-0.05;27.280;255;255;172;21;80;230;0;60;57
144;1563730947.8711;-0.05;27.250;255;255;172;21;74;126;0;60;57
145;1563730947.8761;-0.05;27.250;255;255;172;21;74;126;0;60;57
146;1563730947.8811;-0.05;27.300;255;255;172;21;84;34;0;60;57
147;1563730947.8861;-0.05;27.280;255;255;172;21;80;230;0;60;57
148;1563730947.8910;-0.05;27.280;255;255;172;21;80;230;0;60;57
149;1563730947.8961;-0.05;27.270;255;255;172;21;78;186;0;60;57
150;1563730947.9010;-0.10;27.270;255;254;157;21;78;186;0;60;57
151;1563730947.9061;-0.10;27.285;255;254;157;21;81;215;0;60;57
152;1563730947.9110;-0.10;27.285;255;254;157;21;81;215;0;60;57
153;1563730947.9161;-0.05;27.270;255;255;172;21;78;186;0;60;57
154;1563730947.9211;-0.05;27.280;255;255;172;21;80;230;0;60;57
155;1563730947.9261;-0.10;27.280;255;254;157;21;80;230;0;60;57
156;1563730947.9310;-0.10;27.255;255;254;157;21;75;79;0;60;57
157;1563730947.9361;-0.05;27.275;255;255;172;21;79;139;0;60;57
158;1563730947.9410;-0.10;27.265;255;254;157;21;77;233;0;60;57
159;1563730947.9460;-0.05;27.265;255;255;172;21;77;233;0;60;57
160;1563730947.9510;0.00;27.240;0;0;129;21;72;28;0;60;57
161;1563730947.9561;0.00;27.285;0;0;129;21;81;215;0;60;57
162;1563730947.9610;-0.05;27.305;255;255;172;21;85;19;0;60;57
163;1563730947.9661;-0.05;27.305;255;255;172;21;85;19;0;60;57
164;1563730947.9711;-0.05;27.290;255;255;172;21;82;132;0;60;57
165;1563730947.9760;-0.05;27.270;255;255;172;21;78;186;0;60;57
166;1563730947.9810;-0.05;27.270;255;255;172;21;78;186;0;60;57
167;1563730947.9862;-0.05;27.270;255;255;172;21;78;186;0;60;57
168;1563730947.9911;-0.05;27.275;255;255;172;21;79;139;0;60;57
169;1563730947.9960;0.00;27.270;0;0;129;21;78;186;0;60;57
170;1563730948.0011;-0.05;27.270;255;255;172;21;78;186;0;60;57
171;1563730948.0062;-0.05;27.240;255;255;172;21;72;28;0;60;57
172;1563730948.0111;-0.05;27.265;255;255;172;21;77;233;0;60;57
173;1563730948.0160;-0.05;27.265;255;255;172;21;77;233;0;60;57
174;1563730948.0210;0.00;27.285;0;0;129;21;81;215;0;60;57
175;1563730948.0261;-0.05;27.250;255;255;172;21;74;126;0;60;57
176;1563730948.0311;0.00;27.270;0;0;129;21;78;186;0;60;57
177;1563730948.0360;-0.10;27.270;255;254;157;21;78;186;0;60;57
178;1563730948.0410;-0.05;27.255;255;255;172;21;75;79;0;60;57
179;1563730948.0460;-0.05;27.300;255;255;172;21;84;34;0;60;57
180;1563730948.0510;-0.10;27.260;255;254;157;21;76;216;0;60;57
181;1563730948.0560;0.05;27.260;0;1;176;21;76;216;0;60;57
182;1563730948.0610;-0.05;27.260;255;255;172;21;76;216;0;60;57
183;1563730948.0660;-0.05;27.245;255;255;172;21;73;45;0;60;57
184;1563730948.0712;-0.05;27.245;255;255;172;21;73;45;0;60;57
185;1563730948.0761;-0.10;27.260;255;254;157;21;76;216;0;60;57
186;1563730948.0810;0.00;27.320;0;0;129;21;88;95;0;60;57
187;1563730948.0861;-0.05;27.255;255;255;172;21;75;79;0;60;57
188;1563730948.0911;-0.05;27.255;255;255;172;21;75;79;0;60;57
189;1563730948.0961;-0.05;27.275;255;255;172;21;79;139;0;60;57
190;1563730948.1011;-0.10;27.300;255;254;157;21;84;34;0;60;57
191;1563730948.1062;-0.05;27.300;255;255;172;21;84;34;0;60;57
192;1563730948.1112;0.00;27.245;0;0;129;21;73;45;0;60;57
193;1563730948.1160;0.00;27.260;0;0;129;21;76;216;0;60;57
194;1563730948.1211;-0.05;27.275;255;255;172;21;79;139;0;60;57
195;1563730948.1262;0.00;27.275;0;0;129;21;79;139;0;60;57
196;1563730948.1311;-0.05;27.275;255;255;172;21;79;139;0;60;57
197;1563730948.1362;-0.05;27.310;255;255;172;21;86;64;0;60;57
198;1563730948.1412;0.00;27.285;0;0;129;21;81;215;0;60;57
199;1563730948.1462;-0.05;27.285;255;255;172;21;81;215;0;60;57
200;1563730948.1511;-0.05;27.275;255;255;172;21;79;139;0;60;57
201;1563730948.1562;-0.05;27.260;255;255;172;21;76;216;0;60;57
202;1563730948.1611;-0.05;27.260;255;255;172;21;76;216;0;60;57
203;1563730948.1661;-0.05;27.280;255;255;172;21;80;230;0;60;57
204;1563730948.1711;-0.05;27.260;255;255;172;21;76;216;0;60;57
205;1563730948.1761;-0.10;27.285;255;254;157;21;81;215;0;60;57
206;1563730948.1810;0.00;27.285;0;0;129;21;81;215;0;60;57
207;1563730948.1860;-0.05;27.245;255;255;172;21;73;45;0;60;57
208;1563730948.1910;-0.05;27.320;255;255;172;21;88;95;0;60;57
209;1563730948.1960;-0.10;27.320;255;254;157;21;88;95;0;60;57
210;1563730948.2010;-0.05;27.310;255;255;172;21;86;64;0;60;57
211;1563730948.2062;-0.05;27.270;255;255;172;21;78;186;0;60;57
212;1563730948.2111;-0.05;27.300;255;255;172;21;84;34;0;60;57
213;1563730948.2161;-0.05;27.300;255;255;172;21;84;34;0;60;57
214;1563730948.2212;-0.05;27.300;255;255;172;21;84;34;0;60;57
215;1563730948.2261;-0.05;27.300;255;255;172;21;84;34;0;60;57
216;1563730948.2311;-0.05;27.300;255;255;172;21;84;34;0;60;57
217;1563730948.2361;-0.05;27.290;255;255;172;21;82;132;0;60;57
218;1563730948.2412;-0.05;27.280;255;255;172;21;80;230;0;60;57
219;1563730948.2461;0.00;27.280;0;0;129;21;80;230;0;60;57
220;1563730948.2511;0.00;27.280;0;0;129;21;80;230;0;60;57
221;1563730948.2562;0.00;27.250;0;0;129;21;74;126;0;60;57
222;1563730948.2611;-0.05;27.270;255;255;172;21;78;186;0;60;57
223;1563730948.2661;-0.05;27.290;255;255;172;21;82;132;0;60;57
224;1563730948.2711;-0.10;27.290;255;254;157;21;82;132;0;60;57
225;1563730948.2761;-0.05;27.245;255;255;172;21;73;45;0;60;57
226;1563730948.2810;0.00;27.290;0;0;129;21;82;132;0;60;57
227;1563730948.2860;-0.05;27.290;255;255;172;21;82;132;0;60;57
228;1563730948.2912;-0.05;27.255;255;255;172;21;75;79;0;60;57
229;1563730948.2960;-0.05;27.280;255;255;172;21;80;230;0;60;57
230;1563730948.3010;-0.05;27.285;255;255;172;21;81;215;0;60;57
231;1563730948.3061;-0.05;27.285;255;255;172;21;81;215;0;60;57
232;1563730948.3110;-0.05;27.285;255;255;172;21;81;215;0;60;57
233;1563730948.3160;-0.05;27.290;255;255;172;21;82;132;0;60;57
234;1563730948.3210;-0.05;27.290;255;255;172;21;82;132;0;60;57
235;1563730948.3260;-0.05;27.300;255;255;172;21;84;34;0;60;57
236;1563730948.3311;-0.10;27.295;255;254;157;21;83;181;0;60;57
237;1563730948.3361;-0.05;27.275;255;255;172;21;79;139;0;60;57
238;1563730948.3411;-0.05;27.275;255;255;172;21;79;139;0;60;57
239;1563730948.3461;0.00;27.265;0;0;129;21;77;233;0;60;57
240;1563730948.3512;-0.05;27.280;255;255;172;21;80;230;0;60;57
241;1563730948.3561;-0.05;27.300;255;255;172;21;84;34;0;60;57
242;1563730948.3612;-0.05;27.300;255;255;172;21;84;34;0;60;57
243;1563730948.3661;-0.05;27.290;255;255;172;21;82;132;0;60;57
244;1563730948.3711;-0.05;27.290;255;255;172;21;82;132;0;60;57
245;1563730948.3761;-0.05;27.290;255;255;172;21;82;132;0;60;57
246;1563730948.3811;-0.05;27.255;255;255;172;21;75;79;0;60;57
247;1563730948.3861;-0.10;27.295;255;254;157;21;83;181;0;60;57
248;1563730948.3911;-0.05;27.275;255;255;172;21;79;139;0;60;57
249;1563730948.3961;-0.05;27.275;255;255;172;21;79;139;0;60;57
250;1563730948.4011;-0.05;27.295;255;255;172;21;83;181;0;60;57
251;1563730948.4061;0.00;27.265;0;0;129;21;77;233;0;60;57
252;1563730948.4112;-0.05;27.265;255;255;172;21;77;233;0;60;57
253;1563730948.4160;0.00;27.315;0;0;129;21;87;113;0;60;57
254;1563730948.4211;0.00;27.245;0;0;129;21;73;45;0;60;57
255;1563730948.4261;-0.10;27.280;255;254;157;21;80;230;0;60;57
256;1563730948.4310;-0.10;27.280;255;254;157;21;80;230;0;60;57
257;1563730948.4360;0.00;27.300;0;0;129;21;84;34;0;60;57
258;1563730948.4410;0.00;27.260;0;0;129;21;76;216;0;60;57
259;1563730948.4460;-0.05;27.260;255;255;172;21;76;216;0;60;57
260;1563730948.4510;-0.05;27.260;255;255;172;21;76;216;0;60;57
261;1563730948.4560;-0.05;27.260;255;255;172;21;76;216;0;60;57
262;1563730948.4610;-0.05;27.270;255;255;172;21;78;186;0;60;57
263;1563730948.4661;0.00;27.270;0;0;129;21;78;186;0;60;57
264;1563730948.4711;-0.10;27.245;255;254;157;21;73;45;0;60;57
265;1563730948.4761;0.00;27.285;0;0;129;21;81;215;0;60;57
266;1563730948.4811;-0.05;27.280;255;255;172;21;80;230;0;60;57
267;1563730948.4861;-0.10;27.280;255;254;157;21;80;230;0;60;57
268;1563730948.4910;-0.05;27.295;255;255;172;21;83;181;0;60;57
269;1563730948.4961;0.00;27.280;0;0;129;21;80;230;0;60;57
270;1563730948.5011;-0.05;27.280;255;255;172;21;80;230;0;60;57
271;1563730948.5061;-0.05;27.240;255;255;172;21;72;28;0;60;57
272;1563730948.5111;-0.05;27.260;255;255;172;21;76;216;0;60;57
273;1563730948.5160;0.00;27.260;0;0;129;21;76;216;0;60;57
274;1563730948.5210;-0.05;27.260;255;255;172;21;76;216;0;60;57
275;1563730948.5260;0.00;27.290;0;0;129;21;82;132;0;60;57
276;1563730948.5311;-0.05;27.265;255;255;172;21;77;233;0;60;57
277;1563730948.5360;-0.05;27.290;255;255;172;21;82;132;0;60;57
278;1563730948.5410;-0.05;27.290;255;255;172;21;82;132;0;60;57
279;1563730948.5460;-0.05;27.300;255;255;172;21;84;34;0;60;57
280;1563730948.5511;-0.05;27.240;255;255;172;21;72;28;0;60;57
281;1563730948.5560;-0.10;27.240;255;254;157;21;72;28;0;60;57
282;1563730948.5610;-0.05;27.300;255;255;172;21;84;34;0;60;57
283;1563730948.5660;-0.05;27.245;255;255;172;21;73;45;0;60;57
284;1563730948.5711;-0.05;27.280;255;255;172;21;80;230;0;60;57
285;1563730948.5760;-0.05;27.280;255;255;172;21;80;230;0;60;57
286;1563730948.5810;-0.05;27.300;255;255;172;21;84;34;0;60;57
287;1563730948.5860;-0.05;27.260;255;255;172;21;76;216;0;60;57
288;1563730948.5911;-0.05;27.260;255;255;172;21;76;216;0;60;57
289;1563730948.5961;-0.05;27.285;255;255;172;21;81;215;0;60;57
290;1563730948.6010;-0.05;27.260;255;255;172;21;76;216;0;60;57
291;1563730948.6062;-0.05;27.295;255;255;172;21;83;181;0;60;57
292;1563730948.6110;-0.05;27.295;255;255;172;21;83;181;0;60;57
293;1563730948.6161;-0.05;27.300;255;255;172;21;84;34;0;60;57
294;1563730948.6212;-0.05;27.265;255;255;172;21;77;233;0;60;57
295;1563730948.6261;-0.05;27.285;255;255;172;21;81;215;0;60;57
296;1563730948.6311;-0.05;27.285;255;255;172;21;81;215;0;60;57
297;1563730948.6362;-0.10;27.285;255;254;157;21;81;215;0;60;57
298;1563730948.6411;-0.05;27.285;255;255;172;21;81;215;0;60;57
299;1563730948.6461;-0.05;27.285;255;255;172;21;81;215;0;60;57
300;1563730948.6510;-0.05;27.280;255;255;172;21;80;230;0;60;57
301;1563730948.6561;-0.05;27.285;255;255;172;21;81;215;0;60;57
302;1563730948.6610;0.00;27.255;0;0;129;21;75;79;0;60;57
303;1563730948.6660;0.00;27.255;0;0;129;21;75;79;0;60;57
304;1563730948.6710;-0.05;27.300;255;255;172;21;84;34;0;60;57
305;1563730948.6760;-0.05;27.260;255;255;172;21;76;216;0;60;57
306;1563730948.6810;-0.05;27.260;255;255;172;21;76;216;0;60;57
307;1563730948.6861;-0.05;27.275;255;255;172;21;79;139;0;60;57
308;1563730948.6911;-0.05;27.240;255;255;172;21;72;28;0;60;57
309;1563730948.6960;-0.05;27.265;255;255;172;21;77;233;0;60;57
310;1563730948.7011;-0.05;27.265;255;255;172;21;77;233;0;60;57
311;1563730948.7061;-0.05;27.270;255;255;172;21;78;186;0;60;57
312;1563730948.7110;0.00;27.220;0;0;129;21;68;97;0;60;57
313;1563730948.7161;-0.10;27.220;255;254;157;21;68;97;0;60;57
314;1563730948.7211;-0.05;27.270;255;255;172;21;78;186;0;60;57
315;1563730948.7261;-0.05;27.260;255;255;172;21;76;216;0;60;57
316;1563730948.7311;-0.05;27.260;255;255;172;21;76;216;0;60;57
317;1563730948.7362;-0.05;27.260;255;255;172;21;76;216;0;60;57
318;1563730948.7411;0.00;27.300;0;0;129;21;84;34;0;60;57
319;1563730948.7460;0.00;27.280;0;0;129;21;80;230;0;60;57
320;1563730948.7510;0.00;27.265;0;0;129;21;77;233;0;60;57
321;1563730948.7560;-0.05;27.265;255;255;172;21;77;233;0;60;57
322;1563730948.7610;-0.05;27.290;255;255;172;21;82;132;0;60;57
323;1563730948.7661;-0.05;27.260;255;255;172;21;76;216;0;60;57
324;1563730948.7711;-0.05;27.260;255;255;172;21;76;216;0;60;57
325;1563730948.7761;-0.05;27.275;255;255;172;21;79;139;0;60;57
326;1563730948.7811;-0.05;27.270;255;255;172;21;78;186;0;60;57
327;1563730948.7861;-0.05;27.260;255;255;172;21;76;216;0;60;57
328;1563730948.7910;-0.05;27.260;255;255;172;21;76;216;0;60;57
329;1563730948.7961;-0.10;27.275;255;254;157;21;79;139;0;60;57
330;1563730948.8011;-0.05;27.290;255;255;172;21;82;132;0;60;57
331;1563730948.8061;-0.05;27.290;255;255;172;21;82;132;0;60;57
332;1563730948.8110;-0.05;27.280;255;255;172;21;80;230;0;60;57
333;1563730948.8161;-0.05;27.275;255;255;172;21;79;139;0;60;57
334;1563730948.8211;-0.05;27.260;255;255;172;21;76;216;0;60;57
335;1563730948.8261;-0.05;27.260;255;255;172;21;76;216;0;60;57
336;1563730948.8311;-0.05;27.280;255;255;172;21;80;230;0;60;57
337;1563730948.8361;-0.05;27.260;255;255;172;21;76;216;0;60;57
338;1563730948.8411;-0.05;27.260;255;255;172;21;76;216;0;60;57
339;1563730948.8461;0.00;27.260;0;0;129;21;76;216;0;60;57
340;1563730948.8511;0.00;27.255;0;0;129;21;75;79;0;60;57
341;1563730948.8561;-0.05;27.270;255;255;172;21;78;186;0;60;57
342;1563730948.8611;0.00;27.270;0;0;129;21;78;186;0;60;57
343;1563730948.8661;0.00;27.260;0;0;129;21;76;216;0;60;57
344;1563730948.8711;-0.05;27.310;255;255;172;21;86;64;0;60;57
345;1563730948.8761;-0.05;27.285;255;255;172;21;81;215;0;60;57
346;1563730948.8811;0.00;27.285;0;0;129;21;81;215;0;60;57
347;1563730948.8860;-0.10;27.290;255;254;157;21;82;132;0;60;57
348;1563730948.8910;-0.05;27.280;255;255;172;21;80;230;0;60;57
349;1563730948.8961;-0.05;27.280;255;255;172;21;80;230;0;60;57
350;1563730948.9011;-0.05;27.290;255;255;172;21;82;132;0;60;57
351;1563730948.9061;-0.05;27.300;255;255;172;21;84;34;0;60;57
352;1563730948.9110;-0.05;27.305;255;255;172;21;85;19;0;60;57
353;1563730948.9162;-0.05;27.305;255;255;172;21;85;19;0;60;57
354;1563730948.9210;-0.05;27.270;255;255;172;21;78;186;0;60;57
355;1563730948.9260;0.00;27.280;0;0;129;21;80;230;0;60;57
356;1563730948.9310;-0.10;27.280;255;254;157;21;80;230;0;60;57
357;1563730948.9361;-0.05;27.280;255;255;172;21;80;230;0;60;57
358;1563730948.9411;0.00;27.280;0;0;129;21;80;230;0;60;57
359;1563730948.9460;0.00;27.255;0;0;129;21;75;79;0;60;57
360;1563730948.9511;-0.05;27.255;255;255;172;21;75;79;0;60;57
361;1563730948.9561;-0.05;27.280;255;255;172;21;80;230;0;60;57
362;1563730948.9611;-0.05;27.260;255;255;172;21;76;216;0;60;57
363;1563730948.9662;-0.05;27.255;255;255;172;21;75;79;0;60;57
364;1563730948.9711;-0.05;27.255;255;255;172;21;75;79;0;60;57
365;1563730948.9762;0.00;27.295;0;0;129;21;83;181;0;60;57
366;1563730948.9811;-0.05;27.285;255;255;172;21;81;215;0;60;57
367;1563730948.9861;-0.05;27.285;255;255;172;21;81;215;0;60;57
368;1563730948.9911;-0.05;27.300;255;255;172;21;84;34;0;60;57
369;1563730948.9961;0.00;27.280;0;0;129;21;80;230;0;60;57
370;1563730949.0011;-0.05;27.270;255;255;172;21;78;186;0;60;57
371;1563730949.0061;-0.05;27.270;255;255;172;21;78;186;0;60;57
372;1563730949.0110;-0.10;27.285;255;254;157;21;81;215;0;60;57
373;1563730949.0160;-0.05;27.290;255;255;172;21;82;132;0;60;57
374;1563730949.0210;0.00;27.230;0;0;129;21;70;3;0;60;57
375;1563730949.0261;0.00;27.230;0;0;129;21;70;3;0;60;57
376;1563730949.0311;-0.05;27.275;255;255;172;21;79;139;0;60;57
377;1563730949.0361;-0.10;27.250;255;254;157;21;74;126;0;60;57
378;1563730949.0411;-0.10;27.250;255;254;157;21;74;126;0;60;57
379;1563730949.0461;0.00;27.265;0;0;129;21;77;233;0;60;57
380;1563730949.0511;-0.05;27.270;255;255;172;21;78;186;0;60;57
381;1563730949.0561;-0.05;27.260;255;255;172;21;76;216;0;60;57
382;1563730949.0610;0.00;27.260;0;0;129;21;76;216;0;60;57
383;1563730949.0661;-0.10;27.280;255;254;157;21;80;230;0;60;57
384;1563730949.0711;-0.05;27.230;255;255;172;21;70;3;0;60;57
385;1563730949.0761;0.00;27.230;0;0;129;21;70;3;0;60;57
386;1563730949.0811;-0.05;27.300;255;255;172;21;84;34;0;60;57
387;1563730949.0861;0.00;27.290;0;0;129;21;82;132;0;60;57
388;1563730949.0911;-0.05;27.270;255;255;172;21;78;186;0;60;57
389;1563730949.0961;-0.05;27.270;255;255;172;21;78;186;0;60;57
390;1563730949.1012;0.00;27.290;0;0;129;21;82;132;0;60;57
391;1563730949.1061;-0.05;27.285;255;255;172;21;81;215;0;60;57
392;1563730949.1111;-0.05;27.280;255;255;172;21;80;230;0;60;57
393;1563730949.1162;-0.05;27.280;255;255;172;21;80;230;0;60;57
394;1563730949.1211;0.00;27.260;0;0;129;21;76;216;0;60;57
395;1563730949.1260;-0.05;27.285;255;255;172;21;81;215;0;60;57
396;1563730949.1312;0.00;27.285;0;0;129;21;81;215;0;60;57
397;1563730949.1362;-0.05;27.275;255;255;172;21;79;139;0;60;57
398;1563730949.1411;-0.05;27.280;255;255;172;21;80;230;0;60;57
399;1563730949.1461;-0.05;27.250;255;255;172;21;74;126;0;60;57
400;1563730949.1512;-0.10;27.250;255;254;157;21;74;126;0;60;57
401;1563730949.1563;-0.10;27.220;255;254;157;21;68;97;0;60;57
402;1563730949.1610;0.00;27.290;0;0;129;21;82;132;0;60;57
403;1563730949.1661;0.00;27.290;0;0;129;21;82;132;0;60;57
404;1563730949.1710;-0.05;27.265;255;255;172;21;77;233;0;60;57
405;1563730949.1761;-0.05;27.300;255;255;172;21;84;34;0;60;57
406;1563730949.1811;-0.05;27.300;255;255;172;21;84;34;0;60;57
407;1563730949.1860;-0.05;27.300;255;255;172;21;84;34;0;60;57
408;1563730949.1910;-0.05;27.270;255;255;172;21;78;186;0;60;57
409;1563730949.1961;-0.05;27.295;255;255;172;21;83;181;0;60;57
410;1563730949.2012;-0.05;27.295;255;255;172;21;83;181;0;60;57
411;1563730949.2061;0.00;27.245;0;0;129;21;73;45;0;60;57
412;1563730949.2111;-0.10;27.300;255;254;157;21;84;34;0;60;57
413;1563730949.2161;-0.05;27.280;255;255;172;21;80;230;0;60;57
414;1563730949.2213;-0.10;27.280;255;254;157;21;80;230;0;60;57
415;1563730949.2261;-0.05;27.280;255;255;172;21;80;230;0;60;57
416;1563730949.2312;-0.05;27.260;255;255;172;21;76;216;0;60;57
417;1563730949.2361;-0.05;27.260;255;255;172;21;76;216;0;60;57
418;1563730949.2411;-0.05;27.260;255;255;172;21;76;216;0;60;57
419;1563730949.2460;-0.05;27.255;255;255;172;21;75;79;0;60;57
420;1563730949.2511;-0.10;27.305;255;254;157;21;85;19;0;60;57
421;1563730949.2561;-0.10;27.305;255;254;157;21;85;19;0;60;57
422;1563730949.2610;-0.05;27.300;255;255;172;21;84;34;0;60;57
423;1563730949.2661;-0.05;27.260;255;255;172;21;76;216;0;60;57
424;1563730949.2712;-0.05;27.285;255;255;172;21;81;215;0;60;57
425;1563730949.2760;0.00;27.285;0;0;129;21;81;215;0;60;57
426;1563730949.2810;-0.10;27.285;255;254;157;21;81;215;0;60;57
427;1563730949.2860;-0.05;27.275;255;255;172;21;79;139;0;60;57
428;1563730949.2912;-0.05;27.275;255;255;172;21;79;139;0;60;57
429;1563730949.2961;-0.10;27.270;255;254;157;21;78;186;0;60;57
430;1563730949.3010;-0.05;27.310;255;255;172;21;86;64;0;60;57
431;1563730949.3060;-0.05;27.285;255;255;172;21;81;215;0;60;57
432;1563730949.3110;-0.05;27.285;255;255;172;21;81;215;0;60;57
433;1563730949.3161;-0.05;27.290;255;255;172;21;82;132;0;60;57
434;1563730949.3210;-0.05;27.245;255;255;172;21;73;45;0;60;57
435;1563730949.3260;-0.05;27.260;255;255;172;21;76;216;0;60;57
436;1563730949.3310;-0.05;27.260;255;255;172;21;76;216;0;60;57
437;1563730949.3361;-0.05;27.265;255;255;172;21;77;233;0;60;57
438;1563730949.3412;-0.05;27.310;255;255;172;21;86;64;0;60;57
439;1563730949.3460;-0.05;27.310;255;255;172;21;86;64;0;60;57
440;1563730949.3511;-0.10;27.265;255;254;157;21;77;233;0;60;57
441;1563730949.3562;0.00;27.235;0;0;129;21;71;50;0;60;57
442;1563730949.3611;-0.05;27.300;255;255;172;21;84;34;0;60;57
443;1563730949.3661;-0.05;27.300;255;255;172;21;84;34;0;60;57
444;1563730949.3712;-0.05;27.255;255;255;172;21;75;79;0;60;57
445;1563730949.3761;-0.05;27.255;255;255;172;21;75;79;0;60;57
446;1563730949.3811;-0.05;27.255;255;255;172;21;75;79;0;60;57
447;1563730949.3860;-0.05;27.260;255;255;172;21;76;216;0;60;57
448;1563730949.3912;-0.05;27.290;255;255;172;21;82;132;0;60;57
449;1563730949.3961;-0.05;27.255;255;255;172;21;75;79;0;60;57
450;1563730949.4012;-0.10;27.255;255;254;157;21;75;79;0;60;57
451;1563730949.4062;-0.05;27.300;255;255;172;21;84;34;0;60;57
452;1563730949.4111;-0.05;27.265;255;255;172;21;77;233;0;60;57
453;1563730949.4161;-0.05;27.280;255;255;172;21;80;230;0;60;57
454;1563730949.4210;-0.05;27.280;255;255;172;21;80;230;0;60;57
455;1563730949.4260;-0.05;27.280;255;255;172;21;80;230;0;60;57
456;1563730949.4311;-0.05;27.275;255;255;172;21;79;139;0;60;57
457;1563730949.4361;-0.05;27.275;255;255;172;21;79;139;0;60;57
458;1563730949.4410;-0.05;27.290;255;255;172;21;82;132;0;60;57
459;1563730949.4460;-0.05;27.320;255;255;172;21;88;95;0;60;57
460;1563730949.4510;-0.05;27.285;255;255;172;21;81;215;0;60;57
461;1563730949.4561;-0.05;27.285;255;255;172;21;81;215;0;60;57
462;1563730949.4610;-0.05;27.285;255;255;172;21;81;215;0;60;57
463;1563730949.4661;0.00;27.260;0;0;129;21;76;216;0;60;57
464;1563730949.4712;-0.05;27.260;255;255;172;21;76;216;0;60;57
465;1563730949.4761;0.00;27.235;0;0;129;21;71;50;0;60;57
466;1563730949.4811;-0.05;27.280;255;255;172;21;80;230;0;60;57
467;1563730949.4861;-0.05;27.270;255;255;172;21;78;186;0;60;57
468;1563730949.4912;-0.05;27.270;255;255;172;21;78;186;0;60;57
469;1563730949.4962;-0.05;27.275;255;255;172;21;79;139;0;60;57
470;1563730949.5011;-0.05;27.265;255;255;172;21;77;233;0;60;57
471;1563730949.5062;-0.10;27.285;255;254;157;21;81;215;0;60;57
472;1563730949.5111;-0.05;27.285;255;255;172;21;81;215;0;60;57
473;1563730949.5160;0.00;27.280;0;0;129;21;80;230;0;60;57
474;1563730949.5211;-0.05;27.255;255;255;172;21;75;79;0;60;57
475;1563730949.5262;-0.05;27.255;255;255;172;21;75;79;0;60;57
476;1563730949.5311;-0.10;27.280;255;254;157;21;80;230;0;60;57
477;1563730949.5361;-0.05;27.280;255;255;172;21;80;230;0;60;57
478;1563730949.5411;-0.05;27.285;255;255;172;21;81;215;0;60;57
479;1563730949.5461;-0.05;27.285;255;255;172;21;81;215;0;60;57
480;1563730949.5520;-0.05;27.275;255;255;172;21;79;139;0;60;57
481;1563730949.5570;-0.05;27.285;255;255;172;21;81;215;0;60;57
482;1563730949.5620;-0.05;27.280;255;255;172;21;80;230;0;60;57
483;1563730949.5670;-0.05;27.280;255;255;172;21;80;230;0;60;57
484;1563730949.5720;-0.05;27.285;255;255;172;21;81;215;0;60;57
485;1563730949.5770;-0.05;27.265;255;255;172;21;77;233;0;60;57
486;1563730949.5821;-0.05;27.265;255;255;172;21;77;233;0;60;57
487;1563730949.5871;-0.05;27.265;255;255;172;21;77;233;0;60;57
488;1563730949.5921;-0.10;27.270;255;254;157;21;78;186;0;60;57
489;1563730949.5971;-0.05;27.280;255;255;172;21;80;230;0;60;57
490;1563730949.6021;-0.05;27.280;255;255;172;21;80;230;0;60;57
491;1563730949.6071;-0.05;27.260;255;255;172;21;76;216;0;60;57
492;1563730949.6121;-0.05;27.275;255;255;172;21;79;139;0;60;57
493;1563730949.6171;-0.05;27.280;255;255;172;21;80;230;0;60;57
494;1563730949.6222;-0.05;27.280;255;255;172;21;80;230;0;60;57
495;1563730949.6271;-0.10;27.265;255;254;157;21;77;233;0;60;57
496;1563730949.6322;-0.05;27.290;255;255;172;21;82;132;0;60;57
497;1563730949.6371;0.00;27.290;0;0;129;21;82;132;0;60;57
498;1563730949.6421;-0.05;27.275;255;255;172;21;79;139;0;60;57
499;1563730949.6470;-0.05;27.270;255;255;172;21;78;186;0;60;57
500;1563730949.6520;-0.05;27.255;255;255;172;21;75;79;0;60;57
501;1563730949.6570;-0.05;27.255;255;255;172;21;75;79;0;60;57
502;1563730949.6620;-0.05;27.275;255;255;172;21;79;139;0;60;57
503;1563730949.6670;-0.05;27.270;255;255;172;21;78;186;0;60;57
504;1563730949.6720;0.00;27.270;0;0;129;21;78;186;0;60;57
505;1563730949.6770;-0.05;27.270;255;255;172;21;78;186;0;60;57
506;1563730949.6820;-0.05;27.260;255;255;172;21;76;216;0;60;57
507;1563730949.6871;-0.05;27.275;255;255;172;21;79;139;0;60;57
508;1563730949.6920;-0.05;27.275;255;255;172;21;79;139;0;60;57
509;1563730949.6971;-0.05;27.245;255;255;172;21;73;45;0;60;57
510;1563730949.7020;-0.05;27.260;255;255;172;21;76;216;0;60;57
511;1563730949.7070;-0.10;27.275;255;254;157;21;79;139;0;60;57
512;1563730949.7121;-0.05;27.275;255;255;172;21;79;139;0;60;57
513;1563730949.7171;-0.05;27.295;255;255;172;21;83;181;0;60;57
514;1563730949.7221;-0.05;27.270;255;255;172;21;78;186;0;60;57
515;1563730949.7272;0.00;27.270;0;0;129;21;78;186;0;60;57
516;1563730949.7321;-0.05;27.300;255;255;172;21;84;34;0;60;57
517;1563730949.7370;-0.05;27.315;255;255;172;21;87;113;0;60;57
518;1563730949.7420;-0.05;27.280;255;255;172;21;80;230;0;60;57
519;1563730949.7472;0.00;27.280;0;0;129;21;80;230;0;60;57
520;1563730949.7521;-0.05;27.260;255;255;172;21;76;216;0;60;57
521;1563730949.7571;0.00;27.255;0;0;129;21;75;79;0;60;57
522;1563730949.7622;-0.05;27.255;255;255;172;21;75;79;0;60;57
523;1563730949.7672;-0.05;27.295;255;255;172;21;83;181;0;60;57
524;1563730949.7721;0.00;27.295;0;0;129;21;83;181;0;60;57
525;1563730949.7772;-0.05;27.265;255;255;172;21;77;233;0;60;57
526;1563730949.7821;-0.05;27.265;255;255;172;21;77;233;0;60;57
527;1563730949.7871;-0.05;27.260;255;255;172;21;76;216;0;60;57
528;1563730949.7920;0.00;27.240;0;0;129;21;72;28;0;60;57
529;1563730949.7971;-0.05;27.245;255;255;172;21;73;45;0;60;57
530;1563730949.8020;-0.05;27.245;255;255;172;21;73;45;0;60;57
531;1563730949.8070;-0.05;27.270;255;255;172;21;78;186;0;60;57
532;1563730949.8120;-0.05;27.295;255;255;172;21;83;181;0;60;57
533;1563730949.8170;-0.10;27.295;255;254;157;21;83;181;0;60;57
534;1563730949.8220;-0.05;27.260;255;255;172;21;76;216;0;60;57
535;1563730949.8270;-0.05;27.285;255;255;172;21;81;215;0;60;57
536;1563730949.8320;-0.05;27.280;255;255;172;21;80;230;0;60;57
537;1563730949.8371;-0.05;27.280;255;255;172;21;80;230;0;60;57
538;1563730949.8421;0.00;27.255;0;0;129;21;75;79;0;60;57
539;1563730949.8471;-0.05;27.240;255;255;172;21;72;28;0;60;57
540;1563730949.8521;-0.05;27.240;255;255;172;21;72;28;0;60;57
541;1563730949.8571;-0.05;27.320;255;255;172;21;88;95;0;60;57
542;1563730949.8621;-0.10;27.315;255;254;157;21;87;113;0;60;57
543;1563730949.8671;-0.10;27.260;255;254;157;21;76;216;0;60;57
544;1563730949.8721;-0.10;27.260;255;254;157;21;76;216;0;60;57
545;1563730949.8772;0.00;27.260;0;0;129;21;76;216;0;60;57
546;1563730949.8821;-0.10;27.260;255;254;157;21;76;216;0;60;57
547;1563730949.8871;-0.05;27.260;255;255;172;21;76;216;0;60;57
548;1563730949.8921;-0.05;27.245;255;255;172;21;73;45;0;60;57
549;1563730949.8972;-0.05;27.240;255;255;172;21;72;28;0;60;57
550;1563730949.9020;0.00;27.285;0;0;129;21;81;215;0;60;57
551;1563730949.9070;0.00;27.285;0;0;129;21;81;215;0;60;57
552;1563730949.9121;-0.05;27.280;255;255;172;21;80;230;0;60;57
553;1563730949.9171;-0.05;27.275;255;255;172;21;79;139;0;60;57
554;1563730949.9220;-0.05;27.270;255;255;172;21;78;186;0;60;57
555;1563730949.9271;-0.05;27.270;255;255;172;21;78;186;0;60;57
556;1563730949.9321;0.00;27.280;0;0;129;21;80;230;0;60;57
557;1563730949.9371;-0.05;27.275;255;255;172;21;79;139;0;60;57
558;1563730949.9420;-0.10;27.275;255;254;157;21;79;139;0;60;57
559;1563730949.9470;-0.10;27.250;255;254;157;21;74;126;0;60;57
560;1563730949.9521;-0.05;27.290;255;255;172;21;82;132;0;60;57
561;1563730949.9570;-0.10;27.265;255;254;157;21;77;233;0;60;57
562;1563730949.9621;-0.05;27.265;255;255;172;21;77;233;0;60;57
563;1563730949.9670;0.00;27.290;0;0;129;21;82;132;0;60;57
564;1563730949.9721;-0.05;27.265;255;255;172;21;77;233;0;60;57
565;1563730949.9770;-0.05;27.265;255;255;172;21;77;233;0;60;57
566;1563730949.9821;-0.10;27.225;255;254;157;21;69;80;0;60;57
567;1563730949.9871;-0.05;27.280;255;255;172;21;80;230;0;60;57
568;1563730949.9920;-0.05;27.295;255;255;172;21;83;181;0;60;57
569;1563730949.9971;-0.05;27.295;255;255;172;21;83;181;0;60;57
570;1563730950.0021;-0.05;27.280;255;255;172;21;80;230;0;60;57
571;1563730950.0070;-0.05;27.290;255;255;172;21;82;132;0;60;57
572;1563730950.0121;-0.10;27.295;255;254;157;21;83;181;0;60;57
573;1563730950.0171;-0.05;27.295;255;255;172;21;83;181;0;60;57
574;1563730950.0221;0.00;27.285;0;0;129;21;81;215;0;60;57
575;1563730950.0271;0.00;27.265;0;0;129;21;77;233;0;60;57
576;1563730950.0320;0.00;27.265;0;0;129;21;77;233;0;60;57
577;1563730950.0370;-0.05;27.265;255;255;172;21;77;233;0;60;57
578;1563730950.0420;0.00;27.310;0;0;129;21;86;64;0;60;57
579;1563730950.0472;-0.05;27.260;255;255;172;21;76;216;0;60;57
580;1563730950.0521;0.00;27.260;0;0;129;21;76;216;0;60;57
581;1563730950.0570;-0.10;27.275;255;254;157;21;79;139;0;60;57
582;1563730950.0620;-0.05;27.300;255;255;172;21;84;34;0;60;57
583;1563730950.0671;-0.05;27.300;255;255;172;21;84;34;0;60;57
584;1563730950.0721;-0.05;27.300;255;255;172;21;84;34;0;60;57
585;1563730950.0770;-0.05;27.295;255;255;172;21;83;181;0;60;57
586;1563730950.0821;-0.05;27.275;255;255;172;21;79;139;0;60;57
587;1563730950.0871;-0.05;27.275;255;255;172;21;79;139;0;60;57
588;1563730950.0922;-0.05;27.255;255;255;172;21;75;79;0;60;57
589;1563730950.0972;-0.05;27.280;255;255;172;21;80;230;0;60;57
590;1563730950.1021;0.00;27.290;0;0;129;21;82;132;0;60;57
591;1563730950.1071;-0.05;27.290;255;255;172;21;82;132;0;60;57
592;1563730950.1121;-0.05;27.285;255;255;172;21;81;215;0;60;57
593;1563730950.1172;0.00;27.310;0;0;129;21;86;64;0;60;57
594;1563730950.1221;-0.05;27.310;255;255;172;21;86;64;0;60;57
595;1563730950.1271;-0.05;27.245;255;255;172;21;73;45;0;60;57
596;1563730950.1321;0.00;27.260;0;0;129;21;76;216;0;60;57
597;1563730950.1371;-0.05;27.270;255;255;172;21;78;186;0;60;57
598;1563730950.1421;-0.05;27.270;255;255;172;21;78;186;0;60;57
599;1563730950.1471;-0.05;27.280;255;255;172;21;80;230;0;60;57
600;1563730950.1521;0.00;27.285;0;0;129;21;81;215;0;60;57
601;1563730950.1571;-0.05;27.285;255;255;172;21;81;215;0;60;57
602;1563730950.1621;-0.10;27.300;255;254;157;21;84;34;0;60;57
603;1563730950.1671;-0.10;27.245;255;254;157;21;73;45;0;60;57
604;1563730950.1721;-0.05;27.305;255;255;172;21;85;19;0;60;57
605;1563730950.1771;-0.05;27.305;255;255;172;21;85;19;0;60;57
606;1563730950.1821;-0.05;27.275;255;255;172;21;79;139;0;60;57
607;1563730950.1871;0.00;27.300;0;0;129;21;84;34;0;60;57
608;1563730950.1921;-0.05;27.280;255;255;172;21;80;230;0;60;57
609;1563730950.1970;-0.05;27.280;255;255;172;21;80;230;0;60;57
610;1563730950.2020;0.00;27.275;0;0;129;21;79;139;0;60;57
611;1563730950.2071;-0.05;27.310;255;255;172;21;86;64;0;60;57
612;1563730950.2121;-0.05;27.310;255;255;172;21;86;64;0;60;57
613;1563730950.2171;0.00;27.280;0;0;129;21;80;230;0;60;57
614;1563730950.2222;-0.05;27.285;255;255;172;21;81;215;0;60;57
615;1563730950.2271;-0.05;27.265;255;255;172;21;77;233;0;60;57
616;1563730950.2322;-0.05;27.265;255;255;172;21;77;233;0;60;57
617;1563730950.2371;-0.05;27.290;255;255;172;21;82;132;0;60;57
618;1563730950.2422;-0.05;27.270;255;255;172;21;78;186;0;60;57
619;1563730950.2472;-0.05;27.270;255;255;172;21;78;186;0;60;57
620;1563730950.2521;-0.05;27.295;255;255;172;21;83;181;0;60;57
621;1563730950.2571;-0.05;27.265;255;255;172;21;77;233;0;60;57
622;1563730950.2621;-0.05;27.260;255;255;172;21;76;216;0;60;57
623;1563730950.2670;0.00;27.260;0;0;129;21;76;216;0;60;57
624;1563730950.2720;-0.05;27.275;255;255;172;21;79;139;0;60;57
625;1563730950.2770;0.00;27.255;0;0;129;21;75;79;0;60;57
626;1563730950.2820;-0.05;27.255;255;255;172;21;75;79;0;60;57
627;1563730950.2871;-0.05;27.255;255;255;172;21;75;79;0;60;57
628;1563730950.2921;-0.05;27.275;255;255;172;21;79;139;0;60;57
629;1563730950.2970;-0.05;27.265;255;255;172;21;77;233;0;60;57
630;1563730950.3020;0.00;27.265;0;0;129;21;77;233;0;60;57
631;1563730950.3070;-0.05;27.270;255;255;172;21;78;186;0;60;57
632;1563730950.3121;-0.05;27.270;255;255;172;21;78;186;0;60;57
633;1563730950.3170;-0.05;27.270;255;255;172;21;78;186;0;60;57
634;1563730950.3220;-0.05;27.270;255;255;172;21;78;186;0;60;57
635;1563730950.3270;-0.10;27.265;255;254;157;21;77;233;0;60;57
636;1563730950.3321;-0.05;27.240;255;255;172;21;72;28;0;60;57
637;1563730950.3371;-0.05;27.240;255;255;172;21;72;28;0;60;57
638;1563730950.3422;-0.05;27.275;255;255;172;21;79;139;0;60;57
639;1563730950.3471;-0.05;27.280;255;255;172;21;80;230;0;60;57
640;1563730950.3530;-0.10;27.290;255;254;157;21;82;132;0;60;57
641;1563730950.3580;-0.05;27.290;255;255;172;21;82;132;0;60;57
642;1563730950.3631;-0.05;27.280;255;255;172;21;80;230;0;60;57
643;1563730950.3681;-0.05;27.260;255;255;172;21;76;216;0;60;57
644;1563730950.3730;0.00;27.295;0;0;129;21;83;181;0;60;57
645;1563730950.3781;-0.05;27.295;255;255;172;21;83;181;0;60;57
646;1563730950.3830;0.00;27.280;0;0;129;21;80;230;0;60;57
647;1563730950.3880;-0.05;27.255;255;255;172;21;75;79;0;60;57
648;1563730950.3930;-0.05;27.295;255;255;172;21;83;181;0;60;57
649;1563730950.3980;0.00;27.295;0;0;129;21;83;181;0;60;57
650;1563730950.4030;-0.05;27.295;255;255;172;21;83;181;0;60;57
651;1563730950.4080;-0.05;27.285;255;255;172;21;81;215;0;60;57
652;1563730950.4130;-0.10;27.285;255;254;157;21;81;215;0;60;57
653;1563730950.4180;-0.05;27.260;255;255;172;21;76;216;0;60;57
654;1563730950.4230;-0.05;27.295;255;255;172;21;83;181;0;60;57
655;1563730950.4280;0.00;27.270;0;0;129;21;78;186;0;60;57
656;1563730950.4330;-0.05;27.270;255;255;172;21;78;186;0;60;57
657;1563730950.4380;-0.05;27.290;255;255;172;21;82;132;0;60;57
658;1563730950.4430;-0.05;27.280;255;255;172;21;80;230;0;60;57
659;1563730950.4480;-0.05;27.280;255;255;172;21;80;230;0;60;57
660;1563730950.4530;-0.05;27.260;255;255;172;21;76;216;0;60;57
661;1563730950.4580;-0.05;27.265;255;255;172;21;77;233;0;60;57
662;1563730950.4630;0.00;27.290;0;0;129;21;82;132;0;60;57
663;1563730950.4681;-0.05;27.290;255;255;172;21;82;132;0;60;57
664;1563730950.4730;-0.05;27.300;255;255;172;21;84;34;0;60;57
665;1563730950.4781;-0.05;27.260;255;255;172;21;76;216;0;60;57
666;1563730950.4831;-0.05;27.270;255;255;172;21;78;186;0;60;57
667;1563730950.4881;-0.05;27.270;255;255;172;21;78;186;0;60;57
668;1563730950.4931;-0.05;27.295;255;255;172;21;83;181;0;60;57
669;1563730950.4980;-0.10;27.280;255;254;157;21;80;230;0;60;57
670;1563730950.5030;-0.05;27.280;255;255;172;21;80;230;0;60;57
671;1563730950.5080;-0.10;27.260;255;254;157;21;76;216;0;60;57
672;1563730950.5130;-0.05;27.285;255;255;172;21;81;215;0;60;57
673;1563730950.5180;-0.05;27.280;255;255;172;21;80;230;0;60;57
674;1563730950.5230;-0.05;27.280;255;255;172;21;80;230;0;60;57
675;1563730950.5280;-0.05;27.285;255;255;172;21;81;215;0;60;57
676;1563730950.5330;-0.05;27.285;255;255;172;21;81;215;0;60;57
677;1563730950.5380;0.00;27.285;0;0;129;21;81;215;0;60;57
678;1563730950.5430;0.00;27.250;0;0;129;21;74;126;0;60;57
679;1563730950.5480;-0.05;27.250;255;255;172;21;74;126;0;60;57
680;1563730950.5530;-0.05;27.260;255;255;172;21;76;216;0;60;57
681;1563730950.5580;-0.05;27.260;255;255;172;21;76;216;0;60;57
682;1563730950.5631;-0.05;27.275;255;255;172;21;79;139;0;60;57
683;1563730950.5680;-0.05;27.235;255;255;172;21;71;50;0;60;57
684;1563730950.5730;-0.10;27.220;255;254;157;21;68;97;0;60;57
685;1563730950.5780;-0.05;27.220;255;255;172;21;68;97;0;60;57
686;1563730950.5830;-0.05;27.290;255;255;172;21;82;132;0;60;57
687;1563730950.5881;-0.05;27.280;255;255;172;21;80;230;0;60;57
688;1563730950.5930;-0.05;27.280;255;255;172;21;80;230;0;60;57
689;1563730950.5980;-0.05;27.235;255;255;172;21;71;50;0;60;57
690;1563730950.6030;-0.05;27.300;255;255;172;21;84;34;0;60;57
691;1563730950.6080;-0.05;27.265;255;255;172;21;77;233;0;60;57
692;1563730950.6130;-0.05;27.265;255;255;172;21;77;233;0;60;57
693;1563730950.6180;-0.10;27.260;255;254;157;21;76;216;0;60;57
694;1563730950.6230;-0.05;27.310;255;255;172;21;86;64;0;60;57
695;1563730950.6280;-0.05;27.310;255;255;172;21;86;64;0;60;57
696;1563730950.6330;-0.05;27.280;255;255;172;21;80;230;0;60;57
697;1563730950.6380;0.00;27.260;0;0;129;21;76;216;0;60;57
698;1563730950.6430;-0.05;27.265;255;255;172;21;77;233;0;60;57
699;1563730950.6480;-0.05;27.265;255;255;172;21;77;233;0;60;57
700;1563730950.6530;-0.05;27.270;255;255;172;21;78;186;0;60;57
701;1563730950.6580;-0.10;27.270;255;254;157;21;78;186;0;60;57
702;1563730950.6630;-0.10;27.270;255;254;157;21;78;186;0;60;57
703;1563730950.6680;0.00;27.260;0;0;129;21;76;216;0;60;57
704;1563730950.6730;0.00;27.305;0;0;129;21;85;19;0;60;57
705;1563730950.6781;-0.05;27.280;255;255;172;21;80;230;0;60;57
706;1563730950.6830;-0.05;27.280;255;255;172;21;80;230;0;60;57
707;1563730950.6880;0.00;27.260;0;0;129;21;76;216;0;60;57
708;1563730950.6930;-0.05;27.295;255;255;172;21;83;181;0;60;57
709;1563730950.6980;0.00;27.270;0;0;129;21;78;186;0;60;57
710;1563730950.7030;-0.05;27.270;255;255;172;21;78;186;0;60;57
711;1563730950.7080;-0.05;27.255;255;255;172;21;75;79;0;60;57
712;1563730950.7130;-0.10;27.275;255;254;157;21;79;139;0;60;57
713;1563730950.7180;-0.05;27.275;255;255;172;21;79;139;0;60;57
714;1563730950.7230;-0.05;27.260;255;255;172;21;76;216;0;60;57
715;1563730950.7280;-0.05;27.280;255;255;172;21;80;230;0;60;57
716;1563730950.7330;-0.05;27.310;255;255;172;21;86;64;0;60;57
717;1563730950.7380;-0.05;27.310;255;255;172;21;86;64;0;60;57
718;1563730950.7430;0.00;27.285;0;0;129;21;81;215;0;60;57
719;1563730950.7480;-0.05;27.275;255;255;172;21;79;139;0;60;57
720;1563730950.7530;-0.05;27.275;255;255;172;21;79;139;0;60;57
721;1563730950.7580;-0.15;27.260;255;253;206;21;76;216;0;60;57
722;1563730950.7631;-0.05;27.290;255;255;172;21;82;132;0;60;57
723;1563730950.7680;-0.05;27.280;255;255;172;21;80;230;0;60;57
724;1563730950.7730;-0.05;27.280;255;255;172;21;80;230;0;60;57
725;1563730950.7780;-0.10;27.245;255;254;157;21;73;45;0;60;57
726;1563730950.7830;-0.05;27.290;255;255;172;21;82;132;0;60;57
727;1563730950.7880;-0.05;27.260;255;255;172;21;76;216;0;60;57
728;1563730950.7930;-0.05;27.260;255;255;172;21;76;216;0;60;57
729;1563730950.7980;0.00;27.280;0;0;129;21;80;230;0;60;57
730;1563730950.8030;0.00;27.280;0;0;129;21;80;230;0;60;57
731;1563730950.8080;0.00;27.280;0;0;129;21;80;230;0;60;57
732;1563730950.8130;-0.05;27.255;255;255;172;21;75;79;0;60;57
733;1563730950.8180;-0.05;27.280;255;255;172;21;80;230;0;60;57
734;1563730950.8230;-0.05;27.270;255;255;172;21;78;186;0;60;57
735;1563730950.8280;-0.05;27.270;255;255;172;21;78;186;0;60;57
736;1563730950.8330;-0.05;27.260;255;255;172;21;76;216;0;60;57
737;1563730950.8380;-0.05;27.260;255;255;172;21;76;216;0;60;57
738;1563730950.8430;-0.05;27.260;255;255;172;21;76;216;0;60;57
739;1563730950.8480;0.00;27.270;0;0;129;21;78;186;0;60;57
740;1563730950.8530;0.00;27.285;0;0;129;21;81;215;0;60;57
741;1563730950.8580;-0.05;27.290;255;255;172;21;82;132;0;60;57
742;1563730950.8630;0.00;27.290;0;0;129;21;82;132;0;60;57
743;1563730950.8680;-0.10;27.250;255;254;157;21;74;126;0;60;57
744;1563730950.8730;-0.05;27.315;255;255;172;21;87;113;0;60;57
745;1563730950.8780;-0.10;27.275;255;254;157;21;79;139;0;60;57
746;1563730950.8830;-0.05;27.275;255;255;172;21;79;139;0;60;57
747;1563730950.8880;-0.05;27.265;255;255;172;21;77;233;0;60;57
748;1563730950.8930;-0.05;27.275;255;255;172;21;79;139;0;60;57
749;1563730950.8980;-0.05;27.275;255;255;172;21;79;139;0;60;57
750;1563730950.9030;-0.05;27.260;255;255;172;21;76;216;0;60;57
751;1563730950.9080;0.00;27.265;0;0;129;21;77;233;0;60;57
752;1563730950.9130;-0.05;27.300;255;255;172;21;84;34;0;60;57
753;1563730950.9180;-0.05;27.300;255;255;172;21;84;34;0;60;57
754;1563730950.9230;-0.05;27.285;255;255;172;21;81;215;0;60;57
755;1563730950.9280;-0.05;27.295;255;255;172;21;83;181;0;60;57
756;1563730950.9333;-0.05;27.295;255;255;172;21;83;181;0;60;57
757;1563730950.9380;-0.05;27.275;255;255;172;21;79;139;0;60;57
758;1563730950.9430;-0.05;27.300;255;255;172;21;84;34;0;60;57
759;1563730950.9480;-0.10;27.300;255;254;157;21;84;34;0;60;57
760;1563730950.9530;-0.05;27.300;255;255;172;21;84;34;0;60;57
761;1563730950.9580;-0.05;27.265;255;255;172;21;77;233;0;60;57
762;1563730950.9630;-0.05;27.285;255;255;172;21;81;215;0;60;57
763;1563730950.9680;-0.10;27.295;255;254;157;21;83;181;0;60;57
764;1563730950.9730;-0.05;27.295;255;255;172;21;83;181;0;60;57
765;1563730950.9780;-0.05;27.280;255;255;172;21;80;230;0;60;57
766;1563730950.9830;-0.05;27.265;255;255;172;21;77;233;0;60;57
767;1563730950.9880;-0.05;27.265;255;255;172;21;77;233;0;60;57
768;1563730950.9931;0.00;27.260;0;0;129;21;76;216;0;60;57
769;1563730950.9980;-0.05;27.260;255;255;172;21;76;216;0;60;57
770;1563730951.0030;-0.05;27.285;255;255;172;21;81;215;0;60;57
771;1563730951.0080;-0.05;27.285;255;255;172;21;81;215;0;60;57
772;1563730951.0130;-0.05;27.255;255;255;172;21;75;79;0;60;57
773;1563730951.0180;-0.05;27.275;255;255;172;21;79;139;0;60;57
774;1563730951.0231;-0.05;27.275;255;255;172;21;79;139;0;60;57
775;1563730951.0280;-0.05;27.280;255;255;172;21;80;230;0;60;57
776;1563730951.0330;-0.05;27.280;255;255;172;21;80;230;0;60;57
777;1563730951.0380;-0.05;27.285;255;255;172;21;81;215;0;60;57
778;1563730951.0430;-0.05;27.285;255;255;172;21;81;215;0;60;57
779;1563730951.0480;0.00;27.260;0;0;129;21;76;216;0;60;57
780;1563730951.0530;-0.05;27.295;255;255;172;21;83;181;0;60;57
781;1563730951.0580;-0.05;27.295;255;255;172;21;83;181;0;60;57
782;1563730951.0630;-0.10;27.260;255;254;157;21;76;216;0;60;57
783;1563730951.0680;-0.05;27.300;255;255;172;21;84;34;0;60;57
784;1563730951.0730;-0.05;27.295;255;255;172;21;83;181;0;60;57
785;1563730951.0780;-0.05;27.295;255;255;172;21;83;181;0;60;57
786;1563730951.0830;-0.05;27.280;255;255;172;21;80;230;0;60;57
787;1563730951.0880;-0.05;27.285;255;255;172;21;81;215;0;60;57
788;1563730951.0930;-0.05;27.275;255;255;172;21;79;139;0;60;57
789;1563730951.0980;-0.05;27.275;255;255;172;21;79;139;0;60;57
790;1563730951.1030;-0.05;27.265;255;255;172;21;77;233;0;60;57
791;1563730951.1080;0.00;27.290;0;0;129;21;82;132;0;60;57
792;1563730951.1131;-0.05;27.290;255;255;172;21;82;132;0;60;57
793;1563730951.1180;0.00;27.240;0;0;129;21;72;28;0;60;57
794;1563730951.1231;-0.10;27.280;255;254;157;21;80;230;0;60;57
795;1563730951.1280;-0.10;27.270;255;254;157;21;78;186;0;60;57
796;1563730951.1331;-0.05;27.270;255;255;172;21;78;186;0;60;57
797;1563730951.1381;-0.05;27.275;255;255;172;21;79;139;0;60;57
798;1563730951.1431;-0.05;27.280;255;255;172;21;80;230;0;60;57
799;1563730951.1481;0.00;27.280;0;0;129;21;80;230;0;60;57
800;1563730951.1560;-0.05;27.320;255;255;172;21;88;95;0;60;57
801;1563730951.1610;-0.10;27.260;255;254;157;21;76;216;0;60;57
802;1563730951.1660;-0.10;27.245;255;254;157;21;73;45;0;60;57
803;1563730951.1711;0.00;27.295;0;0;129;21;83;181;0;60;57
804;1563730951.1760;0.00;27.310;0;0;129;21;86;64;0;60;57
805;1563730951.1810;-0.05;27.310;255;255;172;21;86;64;0;60;57
806;1563730951.1860;0.00;27.270;0;0;129;21;78;186;0;60;57
807;1563730951.1910;0.00;27.300;0;0;129;21;84;34;0;60;57
808;1563730951.1961;-0.05;27.300;255;255;172;21;84;34;0;60;57
809;1563730951.2011;-0.05;27.290;255;255;172;21;82;132;0;60;57
810;1563730951.2060;-0.10;27.280;255;254;157;21;80;230;0;60;57
811;1563730951.2110;-0.05;27.250;255;255;172;21;74;126;0;60;57
812;1563730951.2161;-0.05;27.250;255;255;172;21;74;126;0;60;57
813;1563730951.2211;-0.05;27.295;255;255;172;21;83;181;0;60;57
814;1563730951.2261;-0.05;27.295;255;255;172;21;83;181;0;60;57
815;1563730951.2311;0.00;27.295;0;0;129;21;83;181;0;60;57
816;1563730951.2360;-0.05;27.260;255;255;172;21;76;216;0;60;57
817;1563730951.2411;-0.05;27.300;255;255;172;21;84;34;0;60;57
818;1563730951.2460;0.00;27.260;0;0;129;21;76;216;0;60;57
819;1563730951.2511;-0.05;27.260;255;255;172;21;76;216;0;60;57
820;1563730951.2560;-0.05;27.260;255;255;172;21;76;216;0;60;57
821;1563730951.2610;-0.05;27.280;255;255;172;21;80;230;0;60;57
822;1563730951.2661;-0.05;27.295;255;255;172;21;83;181;0;60;57
823;1563730951.2710;-0.05;27.295;255;255;172;21;83;181;0;60;57
824;1563730951.2760;-0.10;27.295;255;254;157;21;83;181;0;60;57
825;1563730951.2810;-0.05;27.270;255;255;172;21;78;186;0;60;57
826;1563730951.2860;-0.05;27.270;255;255;172;21;78;186;0;60;57
827;1563730951.2910;-0.05;27.265;255;255;172;21;77;233;0;60;57
828;1563730951.2960;-0.05;27.260;255;255;172;21;76;216;0;60;57
829;1563730951.3011;0.00;27.245;0;0;129;21;73;45;0;60;57
830;1563730951.3060;0.00;27.245;0;0;129;21;73;45;0;60;57
831;1563730951.3112;-0.05;27.250;255;255;172;21;74;126;0;60;57
832;1563730951.3160;-0.05;27.280;255;255;172;21;80;230;0;60;57
833;1563730951.3211;0.00;27.280;0;0;129;21;80;230;0;60;57
834;1563730951.3262;-0.05;27.270;255;255;172;21;78;186;0;60;57
835;1563730951.3311;-0.05;27.280;255;255;172;21;80;230;0;60;57
836;1563730951.3362;-0.05;27.260;255;255;172;21;76;216;0;60;57
837;1563730951.3411;0.00;27.260;0;0;129;21;76;216;0;60;57
838;1563730951.3461;-0.05;27.300;255;255;172;21;84;34;0;60;57
839;1563730951.3512;-0.05;27.265;255;255;172;21;77;233;0;60;57
840;1563730951.3562;0.00;27.275;0;0;129;21;79;139;0;60;57
841;1563730951.3611;-0.05;27.275;255;255;172;21;79;139;0;60;57
842;1563730951.3661;-0.05;27.280;255;255;172;21;80;230;0;60;57
843;1563730951.3711;-0.05;27.260;255;255;172;21;76;216;0;60;57
844;1563730951.3761;-0.05;27.260;255;255;172;21;76;216;0;60;57
845;1563730951.3811;-0.05;27.305;255;255;172;21;85;19;0;60;57
846;1563730951.3862;-0.05;27.265;255;255;172;21;77;233;0;60;57
847;1563730951.3910;-0.05;27.275;255;255;172;21;79;139;0;60;57
848;1563730951.3962;-0.05;27.275;255;255;172;21;79;139;0;60;57
849;1563730951.4011;-0.10;27.270;255;254;157;21;78;186;0;60;57
850;1563730951.4061;-0.05;27.270;255;255;172;21;78;186;0;60;57
851;1563730951.4111;-0.10;27.270;255;254;157;21;78;186;0;60;57
852;1563730951.4162;-0.05;27.240;255;255;172;21;72;28;0;60;57
853;1563730951.4211;0.00;27.280;0;0;129;21;80;230;0;60;57
854;1563730951.4261;-0.05;27.280;255;255;172;21;80;230;0;60;57
855;1563730951.4310;0.00;27.280;0;0;129;21;80;230;0;60;57
856;1563730951.4360;-0.05;27.295;255;255;172;21;83;181;0;60;57
857;1563730951.4410;0.00;27.250;0;0;129;21;74;126;0;60;57
858;1563730951.4460;-0.05;27.250;255;255;172;21;74;126;0;60;57
859;1563730951.4510;-0.05;27.305;255;255;172;21;85;19;0;60;57
860;1563730951.4561;-0.05;27.280;255;255;172;21;80;230;0;60;57
861;1563730951.4610;-0.10;27.300;255;254;157;21;84;34;0;60;57
862;1563730951.4660;-0.10;27.300;255;254;157;21;84;34;0;60;57
863;1563730951.4711;-0.05;27.280;255;255;172;21;80;230;0;60;57
864;1563730951.4760;-0.05;27.270;255;255;172;21;78;186;0;60;57
865;1563730951.4811;-0.05;27.250;255;255;172;21;74;126;0;60;57
866;1563730951.4861;-0.05;27.250;255;255;172;21;74;126;0;60;57
867;1563730951.4911;-0.05;27.275;255;255;172;21;79;139;0;60;57
868;1563730951.4960;-0.05;27.250;255;255;172;21;74;126;0;60;57
869;1563730951.5010;-0.05;27.250;255;255;172;21;74;126;0;60;57
870;1563730951.5061;-0.05;27.280;255;255;172;21;80;230;0;60;57
871;1563730951.5110;-0.05;27.275;255;255;172;21;79;139;0;60;57
872;1563730951.5162;-0.05;27.260;255;255;172;21;76;216;0;60;57
873;1563730951.5211;-0.05;27.260;255;255;172;21;76;216;0;60;57
874;1563730951.5261;-0.05;27.305;255;255;172;21;85;19;0;60;57
875;1563730951.5311;-0.05;27.250;255;255;172;21;74;126;0;60;57
876;1563730951.5362;-0.05;27.250;255;255;172;21;74;126;0;60;57
877;1563730951.5411;-0.05;27.260;255;255;172;21;76;216;0;60;57
878;1563730951.5461;-0.05;27.280;255;255;172;21;80;230;0;60;57
879;1563730951.5510;-0.10;27.260;255;254;157;21;76;216;0;60;57
