0;1563727740.7265;0.05;26.475
1;1563727740.7315;0.00;26.475
2;1563727740.7365;0.00;26.530
3;1563727740.7414;0.00;26.510
4;1563727740.7464;0.00;26.510
5;1563727740.7514;0.05;26.530
6;1563727740.7564;0.00;26.550
7;1563727740.7613;0.05;26.550
8;1563727740.7664;0.00;26.530
9;1563727740.7714;0.00;26.545
10;1563727740.7764;0.05;26.560
11;1563727740.7813;0.00;26.560
12;1563727740.7864;0.05;26.550
13;1563727740.7915;0.00;26.585
14;1563727740.7965;0.05;26.525
15;1563727740.8014;0.05;26.525
16;1563727740.8065;0.05;26.530
17;1563727740.8114;0.00;26.570
18;1563727740.8165;0.05;26.570
19;1563727740.8214;0.00;26.520
20;1563727740.8264;0.05;26.530
21;1563727740.8315;0.00;26.530
22;1563727740.8364;0.00;26.530
23;1563727740.8414;0.05;26.550
24;1563727740.8464;0.05;26.560
25;1563727740.8515;0.00;26.560
26;1563727740.8564;-0.05;26.530
27;1563727740.8614;0.05;26.540
28;1563727740.8665;0.05;26.550
29;1563727740.8715;0.00;26.550
30;1563727740.8764;0.05;26.520
31;1563727740.8814;0.05;26.535
32;1563727740.8864;0.00;26.550
33;1563727740.8914;0.00;26.550
34;1563727740.8964;0.05;26.575
35;1563727740.9014;0.05;26.565
36;1563727740.9064;0.00;26.565
37;1563727740.9115;0.00;26.555
38;1563727740.9164;0.00;26.585
39;1563727740.9214;0.05;26.530
40;1563727740.9265;0.05;26.530
41;1563727740.9316;0.00;26.565
42;1563727740.9364;0.00;26.570
43;1563727740.9414;0.00;26.570
44;1563727740.9465;0.00;26.540
45;1563727740.9515;0.00;26.565
46;1563727740.9565;0.00;26.585
47;1563727740.9615;0.00;26.585
48;1563727740.9665;0.05;26.560
49;1563727740.9715;0.00;26.590
50;1563727740.9766;0.00;26.575
51;1563727740.9815;0.00;26.575
52;1563727740.9864;0.05;26.585
53;1563727740.9915;0.00;26.530
54;1563727740.9965;0.00;26.530
55;1563727741.0014;0.00;26.575
56;1563727741.0064;0.00;26.550
57;1563727741.0114;0.05;26.570
58;1563727741.0164;0.05;26.570
59;1563727741.0213;0.00;26.570
60;1563727741.0264;0.05;26.590
61;1563727741.0315;0.00;26.590
62;1563727741.0364;0.00;26.570
63;1563727741.0414;0.05;26.585
64;1563727741.0464;0.05;26.570
65;1563727741.0514;0.05;26.570
66;1563727741.0564;0.00;26.585
67;1563727741.0614;0.00;26.585
68;1563727741.0664;0.00;26.625
69;1563727741.0715;0.00;26.625
70;1563727741.0765;0.05;26.575
71;1563727741.0814;0.00;26.595
72;1563727741.0865;0.00;26.595
73;1563727741.0915;0.00;26.585
74;1563727741.0964;0.05;26.585
75;1563727741.1014;0.05;26.570
76;1563727741.1066;0.05;26.570
77;1563727741.1115;0.00;26.590
78;1563727741.1165;0.05;26.590
79;1563727741.1214;0.00;26.620
80;1563727741.1264;0.05;26.620
81;1563727741.1314;0.05;26.585
82;1563727741.1364;0.00;26.585
83;1563727741.1414;0.00;26.585
84;1563727741.1464;0.00;26.615
85;1563727741.1514;0.00;26.605
86;1563727741.1564;0.00;26.635
87;1563727741.1614;0.05;26.635
88;1563727741.1665;0.00;26.565
89;1563727741.1714;0.05;26.610
90;1563727741.1764;0.05;26.610
91;1563727741.1814;0.05;26.595
92;1563727741.1865;0.00;26.625
93;1563727741.1914;0.05;26.610
94;1563727741.1964;0.00;26.610
95;1563727741.2014;-0.05;26.590
96;1563727741.2064;-0.05;26.615
97;1563727741.2114;0.05;26.605
98;1563727741.2165;0.05;26.605
99;1563727741.2214;0.00;26.620
100;1563727741.2265;0.05;26.640
101;1563727741.2315;0.00;26.640
102;1563727741.2365;0.00;26.640
103;1563727741.2415;0.00;26.590
104;1563727741.2464;0.00;26.610
105;1563727741.2514;0.05;26.610
106;1563727741.2563;0.00;26.590
107;1563727741.2614;0.00;26.615
108;1563727741.2664;0.05;26.615
109;1563727741.2715;0.00;26.610
110;1563727741.2764;0.00;26.645
111;1563727741.2815;0.00;26.615
112;1563727741.2865;0.00;26.615
113;1563727741.2915;0.05;26.610
114;1563727741.2965;0.05;26.625
115;1563727741.3015;0.00;26.600
116;1563727741.3066;0.00;26.600
117;1563727741.3114;0.05;26.625
118;1563727741.3166;0.05;26.605
119;1563727741.3214;0.00;26.605
120;1563727741.3263;0.05;26.580
121;1563727741.3313;0.05;26.645
122;1563727741.3363;0.00;26.580
123;1563727741.3414;0.00;26.580
124;1563727741.3463;0.05;26.615
125;1563727741.3514;0.00;26.605
126;1563727741.3564;0.05;26.605
127;1563727741.3614;0.05;26.625
128;1563727741.3664;0.05;26.610
129;1563727741.3714;0.00;26.660
130;1563727741.3764;0.00;26.660
131;1563727741.3814;0.00;26.615
132;1563727741.3865;-0.05;26.625
133;1563727741.3914;0.00;26.620
134;1563727741.3965;0.05;26.620
135;1563727741.4014;0.05;26.625
136;1563727741.4065;0.00;26.610
137;1563727741.4115;0.05;26.610
138;1563727741.4165;0.05;26.595
139;1563727741.4214;0.00;26.610
140;1563727741.4266;0.00;26.635
141;1563727741.4316;0.05;26.635
142;1563727741.4365;0.00;26.610
143;1563727741.4414;0.05;26.625
144;1563727741.4464;0.00;26.625
145;1563727741.4514;0.05;26.630
146;1563727741.4564;0.05;26.605
147;1563727741.4614;-0.05;26.610
148;1563727741.4665;0.00;26.610
149;1563727741.4715;0.00;26.620
150;1563727741.4765;0.05;26.605
151;1563727741.4814;0.05;26.635
152;1563727741.4864;0.05;26.635
153;1563727741.4915;0.05;26.635
154;1563727741.4965;0.00;26.625
155;1563727741.5014;0.00;26.625
156;1563727741.5064;0.00;26.605
157;1563727741.5114;0.00;26.625
158;1563727741.5164;0.00;26.660
159;1563727741.5214;0.00;26.660
160;1563727741.5264;0.00;26.640
161;1563727741.5315;0.00;26.605
162;1563727741.5364;0.05;26.635
163;1563727741.5414;0.00;26.635
164;1563727741.5465;0.00;26.570
165;1563727741.5515;0.05;26.605
166;1563727741.5565;0.00;26.605
167;1563727741.5614;0.00;26.650
168;1563727741.5665;0.00;26.620
169;1563727741.5715;0.00;26.605
170;1563727741.5765;0.05;26.605
171;1563727741.5814;0.00;26.640
172;1563727741.5865;0.05;26.650
173;1563727741.5915;0.00;26.650
174;1563727741.5965;0.00;26.645
175;1563727741.6015;0.05;26.645
176;1563727741.6065;0.05;26.620
177;1563727741.6115;0.00;26.620
178;1563727741.6164;0.00;26.655
179;1563727741.6215;0.05;26.610
180;1563727741.6264;0.00;26.665
181;1563727741.6315;0.00;26.665
182;1563727741.6364;0.05;26.635
183;1563727741.6414;0.00;26.620
184;1563727741.6464;0.05;26.620
185;1563727741.6514;0.05;26.645
186;1563727741.6564;0.00;26.630
187;1563727741.6614;0.00;26.625
188;1563727741.6664;0.00;26.625
189;1563727741.6714;0.05;26.645
190;1563727741.6764;0.00;26.625
191;1563727741.6814;0.05;26.625
192;1563727741.6864;0.00;26.635
193;1563727741.6915;0.00;26.645
194;1563727741.6965;0.05;26.640
195;1563727741.7014;0.00;26.640
196;1563727741.7064;0.00;26.650
197;1563727741.7115;0.00;26.640
198;1563727741.7165;0.00;26.630
199;1563727741.7215;0.00;26.630
200;1563727741.7265;0.00;26.630
201;1563727741.7315;0.00;26.645
202;1563727741.7365;0.05;26.645
203;1563727741.7414;0.00;26.645
204;1563727741.7464;0.05;26.645
205;1563727741.7514;0.00;26.640
206;1563727741.7563;-0.05;26.640
207;1563727741.7614;0.05;26.645
208;1563727741.7664;0.00;26.660
209;1563727741.7714;0.00;26.660
210;1563727741.7764;0.05;26.640
211;1563727741.7814;0.05;26.635
212;1563727741.7864;0.05;26.610
213;1563727741.7915;0.05;26.610
214;1563727741.7964;0.05;26.630
215;1563727741.8014;0.00;26.650
216;1563727741.8065;0.00;26.660
217;1563727741.8114;0.00;26.660
218;1563727741.8165;0.00;26.640
219;1563727741.8215;0.00;26.660
220;1563727741.8265;0.00;26.660
221;1563727741.8316;0.00;26.630
222;1563727741.8366;0.00;26.615
223;1563727741.8414;0.00;26.620
224;1563727741.8465;0.00;26.620
225;1563727741.8516;0.05;26.655
226;1563727741.8566;0.00;26.625
227;1563727741.8614;-0.05;26.625
228;1563727741.8666;0.00;26.595
229;1563727741.8715;0.00;26.655
230;1563727741.8764;0.00;26.665
231;1563727741.8814;0.00;26.665
232;1563727741.8864;0.00;26.645
233;1563727741.8915;0.00;26.670
234;1563727741.8964;0.00;26.665
235;1563727741.9014;0.00;26.665
236;1563727741.9064;0.05;26.645
237;1563727741.9114;0.00;26.665
238;1563727741.9165;0.00;26.665
239;1563727741.9214;0.00;26.640
240;1563727741.9265;0.05;26.655
241;1563727741.9314;0.05;26.605
242;1563727741.9365;0.00;26.605
243;1563727741.9414;0.05;26.645
244;1563727741.9466;0.00;26.695
245;1563727741.9514;0.05;26.660
246;1563727741.9565;0.00;26.660
247;1563727741.9615;0.00;26.645
248;1563727741.9666;0.00;26.600
249;1563727741.9715;0.00;26.600
250;1563727741.9765;0.05;26.645
251;1563727741.9815;0.05;26.645
252;1563727741.9866;0.00;26.655
253;1563727741.9915;-0.05;26.655
254;1563727741.9965;0.00;26.645
255;1563727742.0014;0.05;26.695
256;1563727742.0063;0.00;26.695
257;1563727742.0114;0.00;26.650
258;1563727742.0163;0.00;26.660
259;1563727742.0214;0.00;26.660
260;1563727742.0264;0.00;26.660
261;1563727742.0314;0.00;26.630
262;1563727742.0364;0.00;26.650
263;1563727742.0414;0.05;26.680
264;1563727742.0466;0.05;26.680
265;1563727742.0515;0.05;26.670
266;1563727742.0565;0.00;26.670
267;1563727742.0614;0.05;26.670
268;1563727742.0666;0.00;26.660
269;1563727742.0715;0.00;26.645
270;1563727742.0765;0.00;26.660
271;1563727742.0815;0.05;26.660
272;1563727742.0864;0.00;26.660
273;1563727742.0915;0.05;26.645
274;1563727742.0965;0.00;26.645
275;1563727742.1015;0.00;26.665
276;1563727742.1065;0.05;26.630
277;1563727742.1115;0.00;26.645
278;1563727742.1166;0.00;26.645
279;1563727742.1214;0.00;26.645
280;1563727742.1263;0.05;26.655
281;1563727742.1314;0.00;26.670
282;1563727742.1364;0.00;26.670
283;1563727742.1414;-0.05;26.660
284;1563727742.1464;0.00;26.685
285;1563727742.1514;0.05;26.685
286;1563727742.1565;0.00;26.650
287;1563727742.1614;0.00;26.680
288;1563727742.1665;0.00;26.640
289;1563727742.1715;0.00;26.640
290;1563727742.1765;0.05;26.630
291;1563727742.1814;0.05;26.665
292;1563727742.1866;0.00;26.665
293;1563727742.1915;0.00;26.670
294;1563727742.1965;0.05;26.660
295;1563727742.2015;0.05;26.640
296;1563727742.2065;0.05;26.640
297;1563727742.2116;0.00;26.660
298;1563727742.2165;0.00;26.660
299;1563727742.2215;0.00;26.680
300;1563727742.2266;0.00;26.680
301;1563727742.2316;0.00;26.685
302;1563727742.2365;0.00;26.665
303;1563727742.2414;0.05;26.665
304;1563727742.2466;0.00;26.665
305;1563727742.2515;0.05;26.665
306;1563727742.2564;0.00;26.650
307;1563727742.2614;0.00;26.650
308;1563727742.2665;0.05;26.665
309;1563727742.2715;0.10;26.655
310;1563727742.2765;0.00;26.655
311;1563727742.2814;0.00;26.680
312;1563727742.2865;0.00;26.665
313;1563727742.2915;0.05;26.685
314;1563727742.2965;0.00;26.685
315;1563727742.3014;0.00;26.675
316;1563727742.3065;0.00;26.635
317;1563727742.3115;0.00;26.685
318;1563727742.3165;0.05;26.685
319;1563727742.3214;0.00;26.640
320;1563727742.3265;0.00;26.670
321;1563727742.3316;0.00;26.670
322;1563727742.3365;0.00;26.665
323;1563727742.3414;0.00;26.650
324;1563727742.3464;0.00;26.705
325;1563727742.3514;0.05;26.705
326;1563727742.3564;0.00;26.685
327;1563727742.3614;0.00;26.670
328;1563727742.3664;0.05;26.645
329;1563727742.3714;0.05;26.645
330;1563727742.3764;0.00;26.650
331;1563727742.3814;0.00;26.650
332;1563727742.3863;0.05;26.650
333;1563727742.3913;0.00;26.690
334;1563727742.3965;0.05;26.675
335;1563727742.4014;0.00;26.660
336;1563727742.4064;0.05;26.660
337;1563727742.4115;0.05;26.660
338;1563727742.4165;-0.05;26.650
339;1563727742.4214;0.00;26.650
340;1563727742.4264;0.00;26.660
341;1563727742.4315;0.00;26.650
342;1563727742.4364;0.00;26.680
343;1563727742.4414;0.05;26.680
344;1563727742.4464;0.05;26.635
345;1563727742.4515;0.00;26.655
346;1563727742.4564;0.00;26.675
347;1563727742.4614;0.00;26.675
348;1563727742.4664;0.00;26.670
349;1563727742.4714;0.00;26.700
350;1563727742.4765;0.05;26.700
351;1563727742.4814;0.00;26.715
352;1563727742.4865;0.00;26.670
353;1563727742.4915;0.00;26.665
354;1563727742.4964;0.00;26.665
355;1563727742.5014;0.00;26.695
356;1563727742.5064;0.00;26.655
357;1563727742.5115;0.05;26.655
358;1563727742.5165;0.05;26.675
359;1563727742.5214;0.00;26.675
360;1563727742.5264;0.00;26.645
361;1563727742.5315;0.00;26.645
362;1563727742.5364;0.00;26.625
363;1563727742.5414;0.00;26.665
364;1563727742.5465;0.05;26.690
365;1563727742.5514;0.05;26.690
366;1563727742.5565;-0.05;26.680
367;1563727742.5614;0.00;26.665
368;1563727742.5665;0.00;26.665
369;1563727742.5716;0.00;26.670
370;1563727742.5766;0.05;26.685
371;1563727742.5815;0.00;26.645
372;1563727742.5864;0.00;26.645
373;1563727742.5916;0.05;26.680
374;1563727742.5966;0.00;26.635
375;1563727742.6014;0.00;26.635
376;1563727742.6065;0.00;26.695
377;1563727742.6116;0.00;26.680
378;1563727742.6166;0.00;26.685
379;1563727742.6214;0.05;26.685
380;1563727742.6265;0.00;26.695
381;1563727742.6314;0.05;26.680
382;1563727742.6364;0.00;26.680
383;1563727742.6414;0.00;26.680
384;1563727742.6464;0.00;26.685
385;1563727742.6515;0.00;26.645
386;1563727742.6564;0.00;26.645
387;1563727742.6614;0.05;26.660
388;1563727742.6665;0.00;26.690
389;1563727742.6715;-0.05;26.660
390;1563727742.6765;0.05;26.660
391;1563727742.6814;0.00;26.640
392;1563727742.6866;0.00;26.670
393;1563727742.6915;0.00;26.670
394;1563727742.6966;-0.05;26.695
395;1563727742.7014;0.00;26.685
396;1563727742.7064;0.00;26.675
397;1563727742.7115;0.00;26.675
398;1563727742.7165;0.05;26.685
399;1563727742.7214;0.05;26.690
400;1563727742.7265;0.00;26.685
401;1563727742.7316;0.00;26.685
402;1563727742.7365;0.05;26.705
403;1563727742.7415;-0.05;26.665
404;1563727742.7464;0.05;26.665
405;1563727742.7514;0.00;26.705
406;1563727742.7564;0.05;26.685
407;1563727742.7614;0.00;26.650
408;1563727742.7665;0.00;26.650
409;1563727742.7714;0.00;26.675
410;1563727742.7764;0.00;26.640
411;1563727742.7814;0.05;26.665
412;1563727742.7864;0.00;26.665
413;1563727742.7916;0.00;26.665
414;1563727742.7965;0.05;26.640
415;1563727742.8014;0.00;26.640
416;1563727742.8065;0.05;26.680
417;1563727742.8114;0.00;26.665
418;1563727742.8165;0.00;26.695
419;1563727742.8214;0.00;26.695
420;1563727742.8265;0.00;26.680
421;1563727742.8315;0.05;26.680
422;1563727742.8365;0.05;26.680
423;1563727742.8415;0.05;26.685
424;1563727742.8465;0.05;26.685
425;1563727742.8515;0.05;26.635
426;1563727742.8565;0.05;26.635
427;1563727742.8614;0.05;26.685
428;1563727742.8665;0.00;26.685
429;1563727742.8715;0.05;26.705
430;1563727742.8765;0.05;26.705
431;1563727742.8814;0.00;26.655
432;1563727742.8863;0.00;26.675
433;1563727742.8914;0.00;26.675
434;1563727742.8965;0.00;26.655
435;1563727742.9014;0.05;26.645
436;1563727742.9065;0.00;26.695
437;1563727742.9115;0.00;26.695
438;1563727742.9165;0.05;26.675
439;1563727742.9214;0.05;26.700
440;1563727742.9265;0.00;26.700
441;1563727742.9316;0.05;26.685
442;1563727742.9365;0.00;26.695
443;1563727742.9415;0.00;26.705
444;1563727742.9464;0.05;26.705
445;1563727742.9516;0.05;26.650
446;1563727742.9565;-0.05;26.680
447;1563727742.9614;0.05;26.680
448;1563727742.9664;0.05;26.680
449;1563727742.9715;0.00;26.705
450;1563727742.9765;0.00;26.700
451;1563727742.9814;0.05;26.700
452;1563727742.9865;0.00;26.635
453;1563727742.9915;0.05;26.655
454;1563727742.9965;0.00;26.650
455;1563727743.0014;0.00;26.650
456;1563727743.0064;-0.05;26.685
457;1563727743.0114;0.00;26.665
458;1563727743.0163;0.05;26.665
459;1563727743.0214;0.00;26.670
460;1563727743.0265;0.00;26.675
461;1563727743.0314;0.05;26.665
462;1563727743.0364;0.00;26.665
463;1563727743.0414;0.00;26.685
464;1563727743.0465;0.00;26.685
465;1563727743.0515;0.00;26.700
466;1563727743.0564;0.00;26.700
467;1563727743.0614;0.00;26.675
468;1563727743.0665;0.05;26.685
469;1563727743.0714;0.05;26.685
470;1563727743.0765;0.05;26.695
471;1563727743.0814;0.00;26.700
472;1563727743.0864;0.05;26.675
473;1563727743.0915;0.00;26.675
474;1563727743.0965;0.00;26.705
475;1563727743.1014;0.05;26.690
476;1563727743.1065;0.00;26.690
477;1563727743.1114;-0.05;26.705
478;1563727743.1165;0.05;26.655
479;1563727743.1214;0.05;26.675
480;1563727743.1264;0.05;26.675
481;1563727743.1314;0.00;26.675
482;1563727743.1364;0.05;26.700
483;1563727743.1413;0.00;26.680
484;1563727743.1464;0.00;26.680
485;1563727743.1514;0.05;26.670
486;1563727743.1565;0.00;26.690
487;1563727743.1614;0.00;26.690
488;1563727743.1665;0.05;26.680
489;1563727743.1714;0.00;26.685
490;1563727743.1764;0.00;26.705
491;1563727743.1814;0.05;26.705
492;1563727743.1866;0.00;26.720
493;1563727743.1914;0.00;26.650
494;1563727743.1965;0.00;26.685
495;1563727743.2014;0.00;26.685
496;1563727743.2065;0.00;26.685
497;1563727743.2115;0.00;26.690
498;1563727743.2164;0.05;26.690
499;1563727743.2214;0.00;26.715
500;1563727743.2265;0.00;26.690
501;1563727743.2315;0.05;26.700
502;1563727743.2364;0.00;26.700
503;1563727743.2415;0.00;26.705
504;1563727743.2464;0.00;26.725
505;1563727743.2514;0.00;26.725
506;1563727743.2564;0.00;26.705
507;1563727743.2614;0.00;26.680
508;1563727743.2665;0.00;26.650
509;1563727743.2714;0.00;26.650
510;1563727743.2764;0.00;26.685
511;1563727743.2815;0.00;26.690
512;1563727743.2864;0.00;26.715
513;1563727743.2915;0.00;26.715
514;1563727743.2964;0.00;26.660
515;1563727743.3015;0.05;26.690
516;1563727743.3064;0.00;26.690
517;1563727743.3115;0.05;26.685
518;1563727743.3165;0.00;26.665
519;1563727743.3214;0.00;26.700
520;1563727743.3265;0.05;26.700
521;1563727743.3315;0.00;26.715
522;1563727743.3365;0.00;26.645
523;1563727743.3417;0.05;26.645
524;1563727743.3464;0.00;26.675
525;1563727743.3515;0.00;26.700
526;1563727743.3564;0.00;26.680
527;1563727743.3614;0.05;26.680
528;1563727743.3664;0.00;26.700
529;1563727743.3715;0.00;26.685
530;1563727743.3763;0.00;26.685
531;1563727743.3813;0.00;26.685
532;1563727743.3863;0.00;26.685
533;1563727743.3914;0.05;26.670
534;1563727743.3964;0.05;26.670
535;1563727743.4014;0.05;26.665
536;1563727743.4064;0.00;26.670
537;1563727743.4115;0.05;26.675
538;1563727743.4164;0.05;26.675
539;1563727743.4214;0.00;26.670
540;1563727743.4264;0.00;26.675
541;1563727743.4315;0.05;26.675
542;1563727743.4364;0.00;26.700
543;1563727743.4414;0.00;26.670
544;1563727743.4464;0.00;26.685
545;1563727743.4514;0.00;26.685
546;1563727743.4564;0.00;26.705
547;1563727743.4614;0.00;26.700
548;1563727743.4664;0.00;26.695
549;1563727743.4714;0.00;26.695
550;1563727743.4765;0.05;26.685
551;1563727743.4814;0.00;26.705
552;1563727743.4864;0.00;26.705
553;1563727743.4914;0.05;26.675
554;1563727743.4964;0.05;26.690
555;1563727743.5014;0.00;26.675
556;1563727743.5064;0.05;26.675
557;1563727743.5114;0.05;26.725
558;1563727743.5165;0.00;26.700
559;1563727743.5214;0.00;26.700
560;1563727743.5265;-0.05;26.645
561;1563727743.5315;0.00;26.695
562;1563727743.5365;0.00;26.700
563;1563727743.5414;0.05;26.700
564;1563727743.5465;0.00;26.700
565;1563727743.5515;0.00;26.680
566;1563727743.5566;0.05;26.685
567;1563727743.5615;0.00;26.685
568;1563727743.5664;0.00;26.720
569;1563727743.5715;0.05;26.665
570;1563727743.5765;0.05;26.665
571;1563727743.5815;0.00;26.695
572;1563727743.5865;0.05;26.695
573;1563727743.5914;0.00;26.695
574;1563727743.5965;0.05;26.695
575;1563727743.6015;0.05;26.705
576;1563727743.6066;0.00;26.685
577;1563727743.6115;-0.05;26.655
578;1563727743.6165;0.00;26.655
579;1563727743.6214;0.00;26.685
580;1563727743.6264;0.05;26.705
581;1563727743.6314;0.00;26.705
582;1563727743.6363;0.05;26.675
583;1563727743.6414;0.05;26.695
584;1563727743.6465;0.00;26.685
585;1563727743.6514;0.00;26.685
586;1563727743.6564;0.00;26.705
587;1563727743.6614;0.00;26.680
588;1563727743.6664;0.05;26.680
589;1563727743.6713;0.05;26.710
590;1563727743.6763;0.00;26.680
591;1563727743.6813;0.00;26.735
592;1563727743.6863;0.00;26.735
593;1563727743.6913;0.00;26.690
594;1563727743.6964;0.05;26.710
595;1563727743.7013;0.05;26.700
596;1563727743.7064;0.05;26.700
597;1563727743.7114;0.00;26.690
598;1563727743.7164;0.05;26.705
599;1563727743.7214;0.00;26.705
600;1563727743.7265;0.00;26.705
601;1563727743.7315;0.00;26.685
602;1563727743.7365;0.00;26.705
603;1563727743.7414;0.00;26.705
604;1563727743.7464;0.00;26.725
605;1563727743.7514;0.05;26.665
606;1563727743.7564;0.05;26.665
607;1563727743.7614;0.00;26.705
608;1563727743.7664;0.00;26.705
609;1563727743.7714;0.00;26.690
610;1563727743.7765;0.05;26.690
611;1563727743.7814;0.00;26.685
612;1563727743.7865;0.00;26.700
613;1563727743.7915;0.00;26.705
614;1563727743.7964;0.05;26.705
615;1563727743.8014;0.05;26.690
616;1563727743.8065;0.00;26.685
617;1563727743.8115;0.00;26.685
618;1563727743.8165;0.00;26.685
619;1563727743.8214;0.00;26.710
620;1563727743.8265;0.00;26.710
621;1563727743.8315;0.05;26.710
622;1563727743.8366;0.00;26.695
623;1563727743.8414;0.00;26.665
624;1563727743.8466;0.00;26.665
625;1563727743.8515;0.00;26.700
626;1563727743.8565;0.00;26.695
627;1563727743.8615;0.00;26.695
628;1563727743.8665;0.05;26.695
629;1563727743.8715;0.00;26.720
630;1563727743.8764;0.05;26.695
631;1563727743.8813;0.05;26.675
632;1563727743.8864;0.05;26.675
633;1563727743.8914;0.00;26.665
634;1563727743.8965;0.00;26.685
635;1563727743.9014;0.05;26.685
636;1563727743.9065;0.05;26.720
637;1563727743.9115;0.05;26.705
638;1563727743.9165;0.00;26.730
639;1563727743.9214;0.00;26.730
640;1563727743.9265;0.00;26.700
641;1563727743.9315;0.00;26.680
642;1563727743.9365;0.05;26.680
643;1563727743.9414;0.00;26.670
644;1563727743.9465;0.00;26.685
645;1563727743.9515;0.00;26.685
646;1563727743.9565;0.00;26.685
647;1563727743.9615;0.05;26.690
648;1563727743.9666;0.00;26.685
649;1563727743.9716;0.05;26.705
650;1563727743.9765;0.00;26.705
651;1563727743.9815;0.00;26.685
652;1563727743.9864;0.00;26.710
653;1563727743.9915;0.05;26.710
654;1563727743.9966;0.00;26.715
655;1563727744.0014;0.00;26.705
656;1563727744.0065;-0.05;26.665
657;1563727744.0114;0.05;26.665
658;1563727744.0164;0.00;26.710
659;1563727744.0214;0.00;26.710
660;1563727744.0265;0.00;26.700
661;1563727744.0314;0.05;26.700
662;1563727744.0364;0.00;26.730
663;1563727744.0414;0.00;26.685
664;1563727744.0465;0.00;26.685
665;1563727744.0514;0.00;26.680
666;1563727744.0565;0.00;26.705
667;1563727744.0615;0.05;26.685
668;1563727744.0664;0.00;26.685
669;1563727744.0715;0.00;26.705
670;1563727744.0764;0.00;26.680
671;1563727744.0815;0.05;26.680
672;1563727744.0864;0.00;26.680
673;1563727744.0915;0.00;26.685
674;1563727744.0965;0.00;26.700
675;1563727744.1015;0.05;26.700
676;1563727744.1065;0.00;26.680
677;1563727744.1115;0.00;26.705
678;1563727744.1166;0.05;26.710
679;1563727744.1214;0.00;26.710
680;1563727744.1266;0.00;26.720
681;1563727744.1314;0.00;26.710
682;1563727744.1365;0.05;26.710
683;1563727744.1414;0.00;26.710
684;1563727744.1465;0.00;26.710
685;1563727744.1514;0.00;26.710
686;1563727744.1564;0.00;26.710
687;1563727744.1614;0.00;26.705
688;1563727744.1664;0.00;26.680
689;1563727744.1715;0.00;26.680
690;1563727744.1765;0.00;26.710
691;1563727744.1815;0.00;26.685
692;1563727744.1864;0.00;26.710
693;1563727744.1914;-0.05;26.710
694;1563727744.1965;0.05;26.700
695;1563727744.2015;0.05;26.740
696;1563727744.2065;0.05;26.685
697;1563727744.2115;0.05;26.685
698;1563727744.2164;0.05;26.690
699;1563727744.2215;0.00;26.710
700;1563727744.2265;0.05;26.710
701;1563727744.2316;0.00;26.685
702;1563727744.2364;0.00;26.695
703;1563727744.2415;0.00;26.680
704;1563727744.2464;0.00;26.680
705;1563727744.2514;0.00;26.725
706;1563727744.2564;0.00;26.705
707;1563727744.2614;0.00;26.705
708;1563727744.2664;-0.05;26.745
709;1563727744.2714;0.00;26.725
710;1563727744.2764;0.00;26.705
711;1563727744.2814;0.00;26.705
712;1563727744.2864;0.00;26.725
713;1563727744.2914;0.00;26.725
714;1563727744.2965;0.00;26.690
715;1563727744.3015;0.00;26.690
716;1563727744.3064;0.00;26.705
717;1563727744.3116;0.05;26.725
718;1563727744.3165;0.00;26.725
719;1563727744.3215;0.00;26.710
720;1563727744.3265;0.00;26.685
721;1563727744.3315;0.05;26.680
722;1563727744.3364;0.05;26.680
723;1563727744.3414;0.05;26.710
724;1563727744.3464;0.00;26.735
725;1563727744.3515;0.00;26.735
726;1563727744.3565;0.05;26.705
727;1563727744.3614;0.00;26.710
728;1563727744.3666;0.00;26.685
729;1563727744.3714;0.05;26.685
730;1563727744.3764;0.00;26.705
731;1563727744.3814;0.00;26.725
732;1563727744.3864;0.00;26.715
733;1563727744.3913;0.00;26.715
734;1563727744.3963;-0.05;26.700
735;1563727744.4013;0.00;26.665
736;1563727744.4063;0.05;26.665
737;1563727744.4114;0.05;26.705
738;1563727744.4164;0.00;26.690
739;1563727744.4214;0.05;26.705
740;1563727744.4264;0.05;26.705
741;1563727744.4314;0.00;26.725
742;1563727744.4364;0.00;26.695
743;1563727744.4414;0.05;26.685
744;1563727744.4464;0.00;26.685
745;1563727744.4515;0.00;26.725
746;1563727744.4564;0.00;26.685
747;1563727744.4614;0.00;26.685
748;1563727744.4665;0.00;26.685
749;1563727744.4715;-0.05;26.695
750;1563727744.4765;0.05;26.705
751;1563727744.4815;0.00;26.705
752;1563727744.4864;0.00;26.705
753;1563727744.4915;0.00;26.670
754;1563727744.4966;0.00;26.670
755;1563727744.5014;0.00;26.715
756;1563727744.5063;0.00;26.700
757;1563727744.5114;0.00;26.720
758;1563727744.5164;0.00;26.720
759;1563727744.5214;0.00;26.710
760;1563727744.5264;0.00;26.710
761;1563727744.5315;0.05;26.715
762;1563727744.5364;0.00;26.715
763;1563727744.5414;0.05;26.685
764;1563727744.5465;0.00;26.730
765;1563727744.5514;0.05;26.730
766;1563727744.5566;0.00;26.690
767;1563727744.5615;0.00;26.705
768;1563727744.5666;0.00;26.705
769;1563727744.5716;0.05;26.705
770;1563727744.5766;0.00;26.690
771;1563727744.5815;0.00;26.730
772;1563727744.5864;0.00;26.730
773;1563727744.5916;0.00;26.705
774;1563727744.5966;0.00;26.720
775;1563727744.6015;0.05;26.725
776;1563727744.6066;0.05;26.725
777;1563727744.6115;0.00;26.695
778;1563727744.6164;0.05;26.685
779;1563727744.6214;0.00;26.725
780;1563727744.6265;0.05;26.725
781;1563727744.6315;0.00;26.685
782;1563727744.6364;0.05;26.725
783;1563727744.6414;0.00;26.725
784;1563727744.6464;0.00;26.660
785;1563727744.6514;0.00;26.705
786;1563727744.6564;0.05;26.705
787;1563727744.6614;0.00;26.705
788;1563727744.6664;0.05;26.720
789;1563727744.6715;0.00;26.690
790;1563727744.6764;0.00;26.690
791;1563727744.6814;0.05;26.715
792;1563727744.6864;0.00;26.725
793;1563727744.6915;0.00;26.685
794;1563727744.6964;0.05;26.685
795;1563727744.7014;0.00;26.710
796;1563727744.7066;0.00;26.670
797;1563727744.7115;0.05;26.705
798;1563727744.7166;-0.05;26.705
799;1563727744.7214;0.00;26.680
800;1563727744.7266;0.00;26.705
801;1563727744.7316;0.00;26.705
802;1563727744.7365;0.00;26.705
803;1563727744.7414;0.00;26.695
804;1563727744.7464;0.00;26.705
805;1563727744.7514;0.00;26.705
806;1563727744.7563;0.00;26.715
807;1563727744.7614;0.05;26.740
808;1563727744.7664;0.05;26.740
809;1563727744.7714;0.00;26.725
810;1563727744.7764;0.05;26.700
811;1563727744.7814;0.00;26.700
812;1563727744.7865;0.00;26.700
813;1563727744.7914;0.00;26.705
814;1563727744.7964;0.00;26.700
815;1563727744.8014;0.00;26.700
816;1563727744.8065;0.00;26.700
817;1563727744.8115;0.05;26.680
818;1563727744.8166;0.00;26.725
819;1563727744.8214;0.00;26.725
820;1563727744.8265;0.00;26.700
821;1563727744.8315;0.00;26.715
822;1563727744.8366;0.00;26.685
823;1563727744.8414;0.05;26.685
824;1563727744.8465;0.00;26.700
825;1563727744.8515;0.00;26.695
826;1563727744.8565;0.05;26.740
827;1563727744.8614;0.05;26.740
828;1563727744.8665;0.00;26.725
829;1563727744.8714;0.00;26.675
830;1563727744.8764;0.00;26.675
831;1563727744.8814;0.00;26.685
832;1563727744.8865;0.00;26.695
833;1563727744.8914;0.05;26.695
834;1563727744.8964;0.05;26.695
835;1563727744.9014;0.00;26.690
836;1563727744.9064;0.00;26.690
837;1563727744.9115;0.00;26.690
838;1563727744.9164;0.05;26.705
839;1563727744.9214;0.00;26.740
840;1563727744.9265;0.00;26.710
841;1563727744.9316;0.05;26.710
842;1563727744.9364;0.00;26.695
843;1563727744.9415;-0.05;26.730
844;1563727744.9474;0.00;26.725
845;1563727744.9524;0.05;26.725
846;1563727744.9573;0.00;26.700
847;1563727744.9624;0.00;26.695
848;1563727744.9674;0.00;26.710
849;1563727744.9725;0.00;26.710
850;1563727744.9774;0.05;26.720
851;1563727744.9825;0.00;26.695
852;1563727744.9874;0.00;26.695
853;1563727744.9924;0.00;26.685
854;1563727744.9975;0.00;26.715
855;1563727745.0024;0.00;26.695
856;1563727745.0074;0.00;26.695
857;1563727745.0124;0.00;26.705
858;1563727745.0173;0.05;26.685
859;1563727745.0224;-0.05;26.750
860;1563727745.0274;0.00;26.750
861;1563727745.0325;0.00;26.725
862;1563727745.0374;0.05;26.700
863;1563727745.0425;0.00;26.700
864;1563727745.0476;0.05;26.715
865;1563727745.0524;0.00;26.705
866;1563727745.0574;0.00;26.740
867;1563727745.0624;0.05;26.740
868;1563727745.0675;0.00;26.690
869;1563727745.0726;0.00;26.695
870;1563727745.0774;0.05;26.695
871;1563727745.0825;0.05;26.685
872;1563727745.0875;0.05;26.725
873;1563727745.0925;0.00;26.735
874;1563727745.0974;0.00;26.735
875;1563727745.1026;0.05;26.685
876;1563727745.1075;0.05;26.705
877;1563727745.1125;0.05;26.710
878;1563727745.1175;0.05;26.710
879;1563727745.1225;0.05;26.700
880;1563727745.1274;0.05;26.730
881;1563727745.1324;0.00;26.730
882;1563727745.1374;0.00;26.705
883;1563727745.1425;0.00;26.725
884;1563727745.1475;0.00;26.720
885;1563727745.1524;0.00;26.720
886;1563727745.1574;0.05;26.710
887;1563727745.1625;0.05;26.695
888;1563727745.1675;0.00;26.695
889;1563727745.1725;0.00;26.730
890;1563727745.1774;0.00;26.705
891;1563727745.1825;0.00;26.665
892;1563727745.1875;0.00;26.665
893;1563727745.1924;0.00;26.725
894;1563727745.1974;0.00;26.705
895;1563727745.2025;0.05;26.670
896;1563727745.2075;-0.05;26.670
897;1563727745.2125;0.05;26.715
898;1563727745.2174;0.00;26.710
899;1563727745.2225;0.00;26.710
900;1563727745.2274;0.00;26.700
901;1563727745.2325;0.00;26.725
902;1563727745.2374;0.00;26.740
903;1563727745.2425;0.00;26.740
904;1563727745.2474;0.00;26.705
905;1563727745.2524;0.00;26.725
906;1563727745.2574;0.00;26.725
907;1563727745.2625;0.00;26.710
908;1563727745.2675;0.00;26.705
909;1563727745.2724;0.00;26.715
910;1563727745.2774;0.05;26.715
911;1563727745.2824;0.00;26.715
912;1563727745.2874;0.00;26.710
913;1563727745.2925;0.00;26.705
914;1563727745.2975;0.00;26.705
915;1563727745.3026;0.00;26.725
916;1563727745.3075;0.05;26.685
917;1563727745.3125;0.05;26.685
918;1563727745.3175;0.00;26.695
919;1563727745.3225;0.00;26.695
920;1563727745.3275;0.00;26.705
921;1563727745.3326;0.05;26.705
922;1563727745.3375;0.05;26.725
923;1563727745.3426;0.00;26.725
924;1563727745.3475;0.05;26.725
925;1563727745.3525;0.00;26.695
926;1563727745.3577;0.05;26.725
927;1563727745.3625;0.00;26.685
928;1563727745.3675;0.05;26.685
929;1563727745.3726;0.05;26.705
930;1563727745.3774;0.05;26.685
931;1563727745.3824;0.05;26.685
932;1563727745.3874;0.00;26.685
933;1563727745.3924;0.00;26.690
934;1563727745.3974;0.05;26.705
935;1563727745.4025;0.05;26.705
936;1563727745.4075;0.00;26.695
937;1563727745.4125;0.05;26.705
938;1563727745.4174;-0.05;26.715
939;1563727745.4225;0.05;26.715
940;1563727745.4275;0.00;26.725
941;1563727745.4325;0.05;26.700
942;1563727745.4374;0.00;26.720
943;1563727745.4424;0.05;26.720
944;1563727745.4475;0.05;26.745
945;1563727745.4524;0.00;26.730
946;1563727745.4574;0.05;26.730
947;1563727745.4625;0.00;26.700
948;1563727745.4675;0.00;26.710
949;1563727745.4725;0.00;26.720
950;1563727745.4774;-0.05;26.720
951;1563727745.4826;0.00;26.740
952;1563727745.4876;0.00;26.705
953;1563727745.4925;0.00;26.705
954;1563727745.4974;0.05;26.725
955;1563727745.5024;0.00;26.730
956;1563727745.5074;0.05;26.700
957;1563727745.5124;0.00;26.700
958;1563727745.5174;0.00;26.675
959;1563727745.5224;0.00;26.745
960;1563727745.5274;0.00;26.705
961;1563727745.5324;0.00;26.705
962;1563727745.5374;0.00;26.695
963;1563727745.5425;0.00;26.695
964;1563727745.5474;0.00;26.695
965;1563727745.5524;0.00;26.725
966;1563727745.5574;0.05;26.680
967;1563727745.5625;0.05;26.680
968;1563727745.5676;0.05;26.680
969;1563727745.5726;0.00;26.715
970;1563727745.5774;0.05;26.685
971;1563727745.5825;0.05;26.685
972;1563727745.5876;0.05;26.705
973;1563727745.5925;0.05;26.705
974;1563727745.5975;0.05;26.725
975;1563727745.6025;0.00;26.725
976;1563727745.6076;0.05;26.670
977;1563727745.6126;0.00;26.700
978;1563727745.6174;0.00;26.690
979;1563727745.6224;0.00;26.690
980;1563727745.6275;0.05;26.660
981;1563727745.6324;0.00;26.695
982;1563727745.6374;0.00;26.695
983;1563727745.6424;-0.05;26.725
984;1563727745.6474;0.00;26.705
985;1563727745.6524;-0.05;26.710
986;1563727745.6574;-0.05;26.710
987;1563727745.6625;-0.05;26.710
988;1563727745.6674;0.00;26.690
989;1563727745.6725;0.00;26.690
990;1563727745.6774;0.00;26.730
991;1563727745.6825;0.00;26.725
992;1563727745.6875;0.00;26.745
993;1563727745.6925;0.00;26.745
994;1563727745.6975;0.00;26.750
995;1563727745.7024;0.05;26.670
996;1563727745.7075;0.00;26.710
997;1563727745.7125;0.05;26.710
998;1563727745.7174;0.00;26.705
999;1563727745.7225;0.00;26.705
1000;1563727745.7276;0.05;26.705
1001;1563727745.7324;0.05;26.715
1002;1563727745.7375;0.05;26.725
1003;1563727745.7424;0.05;26.705
1004;1563727745.7484;0.10;26.705
1005;1563727745.7534;0.05;26.705
1006;1563727745.7584;0.15;26.730
1007;1563727745.7633;0.10;26.700
1008;1563727745.7684;0.15;26.700
1009;1563727745.7734;0.10;26.690
1010;1563727745.7785;0.10;26.720
1011;1563727745.7834;0.15;26.670
1012;1563727745.7884;0.15;26.670
1013;1563727745.7934;0.10;26.720
1014;1563727745.7985;0.05;26.745
1015;1563727745.8034;0.10;26.745
1016;1563727745.8084;0.00;26.725
1017;1563727745.8134;0.05;26.690
1018;1563727745.8184;0.05;26.725
1019;1563727745.8234;0.00;26.725
1020;1563727745.8284;0.05;26.715
1021;1563727745.8334;0.00;26.705
1022;1563727745.8384;0.00;26.705
1023;1563727745.8435;0.00;26.720
1024;1563727745.8485;0.00;26.705
1025;1563727745.8534;0.05;26.715
1026;1563727745.8584;0.05;26.715
1027;1563727745.8634;0.00;26.715
1028;1563727745.8685;0.05;26.715
1029;1563727745.8734;0.05;26.705
1030;1563727745.8784;0.05;26.705
1031;1563727745.8834;0.05;26.735
1032;1563727745.8885;0.05;26.705
1033;1563727745.8934;0.00;26.705
1034;1563727745.8984;0.05;26.695
1035;1563727745.9034;0.05;26.755
1036;1563727745.9084;0.00;26.710
1037;1563727745.9134;0.05;26.710
1038;1563727745.9184;0.05;26.755
1039;1563727745.9235;0.05;26.720
1040;1563727745.9285;0.05;26.720
1041;1563727745.9334;0.05;26.695
1042;1563727745.9385;0.10;26.705
1043;1563727745.9435;0.05;26.725
1044;1563727745.9485;0.05;26.725
1045;1563727745.9534;0.05;26.685
1046;1563727745.9585;0.05;26.715
1047;1563727745.9635;0.00;26.685
1048;1563727745.9686;0.05;26.685
1049;1563727745.9735;0.05;26.710
1050;1563727745.9786;0.00;26.755
1051;1563727745.9835;0.00;26.755
1052;1563727745.9884;0.05;26.725
1053;1563727745.9935;0.05;26.715
1054;1563727745.9985;0.05;26.715
1055;1563727746.0035;0.10;26.715
1056;1563727746.0084;0.05;26.705
1057;1563727746.0134;0.05;26.685
1058;1563727746.0184;0.05;26.675
1059;1563727746.0234;0.05;26.675
1060;1563727746.0284;0.05;26.695
1061;1563727746.0334;0.00;26.715
1062;1563727746.0384;-0.05;26.715
1063;1563727746.0435;0.00;26.685
1064;1563727746.0485;0.00;26.715
1065;1563727746.0534;0.00;26.745
1066;1563727746.0585;0.00;26.745
1067;1563727746.0635;0.05;26.705
1068;1563727746.0685;0.00;26.705
1069;1563727746.0735;0.05;26.705
1070;1563727746.0786;0.10;26.725
1071;1563727746.0835;0.05;26.690
1072;1563727746.0885;0.05;26.710
1073;1563727746.0934;0.00;26.710
1074;1563727746.0986;0.00;26.695
1075;1563727746.1035;0.00;26.725
1076;1563727746.1086;-0.05;26.670
1077;1563727746.1135;-0.05;26.670
1078;1563727746.1185;0.00;26.730
1079;1563727746.1235;0.00;26.720
1080;1563727746.1284;0.00;26.720
1081;1563727746.1334;0.00;26.705
1082;1563727746.1384;0.05;26.705
1083;1563727746.1434;0.00;26.760
1084;1563727746.1485;0.05;26.760
1085;1563727746.1534;0.05;26.755
1086;1563727746.1585;0.05;26.705
1087;1563727746.1635;0.05;26.705
1088;1563727746.1684;0.05;26.710
1089;1563727746.1734;0.10;26.720
1090;1563727746.1784;0.10;26.715
1091;1563727746.1834;0.10;26.715
1092;1563727746.1884;0.10;26.695
1093;1563727746.1934;0.10;26.725
1094;1563727746.1984;0.15;26.690
1095;1563727746.2035;0.10;26.690
1096;1563727746.2085;0.10;26.725
1097;1563727746.2135;0.15;26.750
1098;1563727746.2186;0.10;26.750
1099;1563727746.2234;0.10;26.705
1100;1563727746.2286;0.10;26.710
1101;1563727746.2334;0.10;26.715
1102;1563727746.2384;0.10;26.715
1103;1563727746.2435;0.10;26.715
1104;1563727746.2484;0.10;26.685
1105;1563727746.2534;0.10;26.685
1106;1563727746.2583;0.05;26.685
1107;1563727746.2634;0.05;26.715
1108;1563727746.2684;0.05;26.715
1109;1563727746.2734;0.00;26.715
1110;1563727746.2784;0.05;26.700
1111;1563727746.2834;0.00;26.685
1112;1563727746.2884;0.00;26.725
1113;1563727746.2934;0.00;26.725
1114;1563727746.2984;0.00;26.710
1115;1563727746.3034;0.00;26.700
1116;1563727746.3085;0.00;26.700
1117;1563727746.3134;0.00;26.705
1118;1563727746.3185;-0.05;26.720
1119;1563727746.3235;0.00;26.725
1120;1563727746.3285;0.05;26.725
1121;1563727746.3334;0.00;26.705
1122;1563727746.3384;0.00;26.695
1123;1563727746.3435;0.05;26.695
1124;1563727746.3485;0.00;26.725
1125;1563727746.3535;0.05;26.750
1126;1563727746.3586;0.10;26.745
1127;1563727746.3635;0.00;26.745
1128;1563727746.3686;0.05;26.680
1129;1563727746.3735;0.05;26.710
1130;1563727746.3784;0.10;26.730
1131;1563727746.3834;0.15;26.730
1132;1563727746.3884;0.10;26.705
1133;1563727746.3933;0.10;26.735
1134;1563727746.3984;0.10;26.735
1135;1563727746.4034;0.10;26.740
1136;1563727746.4084;0.05;26.690
1137;1563727746.4134;0.10;26.725
1138;1563727746.4184;0.00;26.725
1139;1563727746.4234;0.05;26.720
1140;1563727746.4285;0.05;26.730
1141;1563727746.4334;0.05;26.745
1142;1563727746.4384;0.05;26.745
1143;1563727746.4434;0.05;26.730
1144;1563727746.4485;0.05;26.730
1145;1563727746.4534;0.05;26.730
1146;1563727746.4584;0.00;26.745
1147;1563727746.4635;0.00;26.725
1148;1563727746.4685;0.00;26.685
1149;1563727746.4734;0.05;26.685
1150;1563727746.4785;0.05;26.685
1151;1563727746.4834;0.00;26.725
1152;1563727746.4885;0.00;26.725
1153;1563727746.4934;0.00;26.720
1154;1563727746.4984;0.00;26.695
1155;1563727746.5034;0.05;26.715
1156;1563727746.5084;0.00;26.715
1157;1563727746.5134;0.05;26.685
1158;1563727746.5184;-0.05;26.740
1159;1563727746.5234;0.00;26.725
1160;1563727746.5284;0.00;26.725
1161;1563727746.5334;0.00;26.685
1162;1563727746.5384;0.05;26.735
1163;1563727746.5434;0.00;26.735
1164;1563727746.5484;0.00;26.700
1165;1563727746.5534;0.05;26.740
1166;1563727746.5585;0.05;26.705
1167;1563727746.5635;0.00;26.705
1168;1563727746.5685;0.00;26.715
1169;1563727746.5735;0.00;26.730
1170;1563727746.5786;0.05;26.730
1171;1563727746.5835;0.00;26.695
1172;1563727746.5884;0.10;26.705
1173;1563727746.5934;0.05;26.695
1174;1563727746.5986;0.10;26.695
1175;1563727746.6036;0.15;26.695
1176;1563727746.6085;0.10;26.695
1177;1563727746.6135;0.15;26.715
1178;1563727746.6185;0.15;26.715
1179;1563727746.6234;0.15;26.695
1180;1563727746.6285;0.05;26.705
1181;1563727746.6334;-0.10;26.705
1182;1563727746.6384;-0.10;26.705
1183;1563727746.6434;-0.10;26.685
1184;1563727746.6484;-0.05;26.705
1185;1563727746.6534;0.00;26.705
1186;1563727746.6584;0.10;26.710
1187;1563727746.6634;0.15;26.710
1188;1563727746.6684;0.15;26.710
1189;1563727746.6734;0.15;26.720
1190;1563727746.6785;0.05;26.725
1191;1563727746.6834;-0.20;26.730
1192;1563727746.6885;-0.10;26.730
1193;1563727746.6934;0.05;26.705
1194;1563727746.6986;0.05;26.710
1195;1563727746.7036;0.00;26.740
1196;1563727746.7086;-0.10;26.740
1197;1563727746.7134;-0.10;26.680
1198;1563727746.7185;-0.15;26.730
1199;1563727746.7235;-0.10;26.730
1200;1563727746.7285;-0.10;26.710
1201;1563727746.7334;-0.10;26.680
1202;1563727746.7385;-0.10;26.705
1203;1563727746.7435;-0.10;26.705
1204;1563727746.7484;-0.05;26.695
1205;1563727746.7534;0.00;26.735
1206;1563727746.7584;0.00;26.735
1207;1563727746.7634;-0.05;26.705
1208;1563727746.7684;-0.10;26.725
1209;1563727746.7734;0.00;26.710
1210;1563727746.7784;0.10;26.710
1211;1563727746.7834;0.15;26.735
1212;1563727746.7886;0.20;26.730
1213;1563727746.7934;0.40;26.750
1214;1563727746.7986;0.50;26.750
1215;1563727746.8035;0.50;26.685
1216;1563727746.8085;0.40;26.730
1217;1563727746.8135;0.25;26.730
1218;1563727746.8186;0.20;26.715
1219;1563727746.8234;0.35;26.690
1220;1563727746.8285;0.35;26.710
1221;1563727746.8335;0.30;26.710
1222;1563727746.8385;0.30;26.720
1223;1563727746.8435;0.30;26.730
1224;1563727746.8486;0.35;26.715
1225;1563727746.8534;0.25;26.715
1226;1563727746.8586;0.25;26.680
1227;1563727746.8635;0.20;26.705
1228;1563727746.8685;0.15;26.705
1229;1563727746.8735;0.20;26.720
1230;1563727746.8784;0.20;26.715
1231;1563727746.8833;0.20;26.730
1232;1563727746.8885;0.20;26.730
1233;1563727746.8934;0.15;26.725
1234;1563727746.8985;0.25;26.725
1235;1563727746.9034;0.20;26.725
1236;1563727746.9084;0.15;26.720
1237;1563727746.9135;0.15;26.710
1238;1563727746.9185;0.10;26.745
1239;1563727746.9235;0.15;26.745
1240;1563727746.9285;0.05;26.730
1241;1563727746.9334;0.00;26.720
1242;1563727746.9384;0.10;26.725
1243;1563727746.9435;0.00;26.725
1244;1563727746.9485;0.05;26.720
1245;1563727746.9534;0.05;26.695
1246;1563727746.9585;0.00;26.695
1247;1563727746.9636;0.05;26.730
1248;1563727746.9686;0.00;26.710
1249;1563727746.9734;-0.05;26.715
1250;1563727746.9786;0.00;26.715
1251;1563727746.9836;-0.05;26.705
1252;1563727746.9885;-0.05;26.720
1253;1563727746.9934;-0.05;26.720
1254;1563727746.9985;-0.05;26.705
1255;1563727747.0036;-0.10;26.710
1256;1563727747.0084;-0.10;26.755
1257;1563727747.0134;-0.05;26.755
1258;1563727747.0184;-0.05;26.715
1259;1563727747.0234;-0.05;26.725
1260;1563727747.0284;0.00;26.720
1261;1563727747.0334;0.00;26.720
1262;1563727747.0384;0.05;26.720
1263;1563727747.0434;0.10;26.680
1264;1563727747.0485;0.10;26.680
1265;1563727747.0534;0.05;26.685
1266;1563727747.0585;0.10;26.725
1267;1563727747.0635;0.05;26.745
1268;1563727747.0685;0.05;26.745
1269;1563727747.0734;0.05;26.725
1270;1563727747.0785;0.05;26.705
1271;1563727747.0834;0.05;26.705
1272;1563727747.0885;0.00;26.715
1273;1563727747.0934;0.00;26.700
1274;1563727747.0986;-0.05;26.695
1275;1563727747.1035;-0.05;26.695
1276;1563727747.1085;0.00;26.700
1277;1563727747.1134;-0.05;26.695
1278;1563727747.1185;0.00;26.705
1279;1563727747.1235;0.00;26.705
1280;1563727747.1284;0.00;26.725
1281;1563727747.1334;0.00;26.705
1282;1563727747.1384;0.05;26.705
1283;1563727747.1435;0.00;26.705
1284;1563727747.1485;0.00;26.720
1285;1563727747.1534;0.00;26.700
1286;1563727747.1585;0.00;26.700
1287;1563727747.1634;0.00;26.750
1288;1563727747.1685;0.00;26.740
1289;1563727747.1734;0.05;26.740
1290;1563727747.1785;0.00;26.690
1291;1563727747.1835;0.00;26.735
1292;1563727747.1885;0.05;26.730
1293;1563727747.1934;0.00;26.730
1294;1563727747.1984;0.00;26.660
1295;1563727747.2035;0.00;26.710
1296;1563727747.2085;0.00;26.725
1297;1563727747.2135;0.05;26.725
1298;1563727747.2185;0.00;26.710
1299;1563727747.2235;0.05;26.710
1300;1563727747.2286;0.05;26.710
1301;1563727747.2334;0.00;26.715
1302;1563727747.2384;0.00;26.700
1303;1563727747.2435;0.00;26.740
1304;1563727747.2486;0.00;26.740
1305;1563727747.2534;-0.05;26.725
1306;1563727747.2584;-0.05;26.710
1307;1563727747.2634;0.00;26.725
1308;1563727747.2684;-0.05;26.725
1309;1563727747.2734;0.00;26.725
1310;1563727747.2784;0.00;26.700
1311;1563727747.2834;0.05;26.700
1312;1563727747.2884;0.00;26.710
1313;1563727747.2934;0.05;26.705
1314;1563727747.2984;0.05;26.685
1315;1563727747.3035;0.05;26.685
1316;1563727747.3085;0.10;26.710
1317;1563727747.3135;0.05;26.690
1318;1563727747.3185;0.00;26.690
1319;1563727747.3235;0.00;26.725
1320;1563727747.3285;0.00;26.670
1321;1563727747.3334;0.00;26.700
1322;1563727747.3384;0.05;26.700
1323;1563727747.3434;0.05;26.705
1324;1563727747.3484;0.05;26.715
1325;1563727747.3534;0.05;26.680
1326;1563727747.3584;0.05;26.680
1327;1563727747.3635;0.05;26.715
1328;1563727747.3684;0.10;26.725
1329;1563727747.3734;0.05;26.725
1330;1563727747.3784;0.05;26.690
1331;1563727747.3833;0.00;26.705
1332;1563727747.3884;0.00;26.710
1333;1563727747.3934;0.00;26.710
1334;1563727747.3985;-0.05;26.725
1335;1563727747.4034;0.00;26.710
1336;1563727747.4084;0.00;26.710
1337;1563727747.4134;0.00;26.730
1338;1563727747.4184;0.00;26.705
1339;1563727747.4235;0.05;26.715
1340;1563727747.4284;0.00;26.715
1341;1563727747.4334;-0.05;26.695
1342;1563727747.4384;-0.05;26.690
1343;1563727747.4434;0.00;26.690
1344;1563727747.4484;-0.10;26.690
1345;1563727747.4533;-0.15;26.725
1346;1563727747.4584;-0.15;26.700
1347;1563727747.4635;-0.10;26.700
1348;1563727747.4685;-0.05;26.705
1349;1563727747.4734;0.00;26.705
1350;1563727747.4785;0.05;26.730
1351;1563727747.4835;0.05;26.730
1352;1563727747.4885;0.10;26.740
1353;1563727747.4934;0.10;26.705
1354;1563727747.4985;0.10;26.705
1355;1563727747.5034;0.10;26.725
1356;1563727747.5084;0.10;26.690
1357;1563727747.5135;0.10;26.705
1358;1563727747.5185;0.15;26.705
1359;1563727747.5234;0.10;26.700
1360;1563727747.5284;0.05;26.695
1361;1563727747.5334;0.05;26.735
1362;1563727747.5385;0.05;26.735
1363;1563727747.5435;0.10;26.715
1364;1563727747.5484;0.10;26.705
1365;1563727747.5534;0.05;26.705
1366;1563727747.5585;0.00;26.750
1367;1563727747.5635;0.05;26.725
1368;1563727747.5685;0.00;26.690
1369;1563727747.5734;0.05;26.690
1370;1563727747.5785;0.05;26.700
1371;1563727747.5835;0.05;26.695
1372;1563727747.5885;0.00;26.695
1373;1563727747.5934;0.05;26.730
1374;1563727747.5985;-0.05;26.710
1375;1563727747.6035;0.00;26.705
1376;1563727747.6086;0.00;26.705
1377;1563727747.6134;0.05;26.705
1378;1563727747.6186;0.05;26.705
1379;1563727747.6235;0.05;26.710
1380;1563727747.6285;0.10;26.710
1381;1563727747.6334;0.05;26.715
1382;1563727747.6384;0.10;26.700
1383;1563727747.6434;0.05;26.700
1384;1563727747.6484;0.10;26.715
1385;1563727747.6534;0.05;26.720
1386;1563727747.6584;0.10;26.690
1387;1563727747.6634;0.10;26.690
1388;1563727747.6685;0.10;26.700
1389;1563727747.6734;0.05;26.705
1390;1563727747.6784;0.05;26.705
1391;1563727747.6834;-0.05;26.705
1392;1563727747.6884;0.00;26.715
1393;1563727747.6934;0.00;26.700
1394;1563727747.6984;-0.05;26.700
1395;1563727747.7035;-0.05;26.685
1396;1563727747.7084;-0.05;26.685
1397;1563727747.7134;-0.10;26.710
1398;1563727747.7185;-0.10;26.710
1399;1563727747.7235;-0.10;26.705
1400;1563727747.7285;-0.10;26.710
1401;1563727747.7335;-0.10;26.710
1402;1563727747.7385;-0.15;26.705
1403;1563727747.7435;-0.10;26.735
1404;1563727747.7484;-0.10;26.700
1405;1563727747.7534;-0.05;26.700
1406;1563727747.7584;0.05;26.735
1407;1563727747.7634;0.00;26.725
1408;1563727747.7684;-0.05;26.705
1409;1563727747.7734;-0.10;26.705
1410;1563727747.7786;-0.05;26.705
1411;1563727747.7835;0.00;26.725
1412;1563727747.7884;0.00;26.725
1413;1563727747.7934;0.05;26.685
1414;1563727747.7985;0.10;26.730
1415;1563727747.8035;0.10;26.705
1416;1563727747.8084;0.00;26.705
1417;1563727747.8135;-0.05;26.690
1418;1563727747.8184;-0.05;26.715
1419;1563727747.8236;-0.05;26.715
1420;1563727747.8286;0.05;26.705
1421;1563727747.8335;0.15;26.725
1422;1563727747.8386;0.20;26.740
1423;1563727747.8436;0.15;26.740
1424;1563727747.8485;0.05;26.705
1425;1563727747.8534;0.00;26.705
1426;1563727747.8585;-0.05;26.715
1427;1563727747.8636;0.05;26.715
1428;1563727747.8684;0.10;26.700
1429;1563727747.8735;0.15;26.700
1430;1563727747.8784;0.20;26.700
1431;1563727747.8833;0.15;26.685
1432;1563727747.8884;0.15;26.745
1433;1563727747.8934;0.00;26.695
1434;1563727747.8985;0.05;26.695
1435;1563727747.9034;0.00;26.705
1436;1563727747.9085;0.05;26.735
1437;1563727747.9134;0.05;26.735
1438;1563727747.9185;0.05;26.725
1439;1563727747.9234;0.00;26.655
1440;1563727747.9285;0.00;26.680
1441;1563727747.9334;0.00;26.680
1442;1563727747.9384;-0.10;26.720
1443;1563727747.9434;-0.15;26.735
1444;1563727747.9484;-0.15;26.710
1445;1563727747.9533;-0.10;26.710
1446;1563727747.9585;-0.10;26.705
1447;1563727747.9635;0.00;26.710
1448;1563727747.9685;0.05;26.710
1449;1563727747.9734;0.05;26.725
1450;1563727747.9786;0.05;26.720
1451;1563727747.9835;0.05;26.700
1452;1563727747.9885;0.05;26.700
1453;1563727747.9934;0.00;26.730
1454;1563727747.9985;0.10;26.685
1455;1563727748.0034;0.05;26.685
1456;1563727748.0084;0.05;26.685
1457;1563727748.0134;0.00;26.720
1458;1563727748.0184;-0.05;26.685
1459;1563727748.0234;0.00;26.685
1460;1563727748.0284;-0.05;26.745
1461;1563727748.0334;-0.05;26.725
1462;1563727748.0384;-0.10;26.715
1463;1563727748.0434;-0.05;26.715
1464;1563727748.0485;-0.10;26.700
1465;1563727748.0534;-0.10;26.685
1466;1563727748.0585;-0.10;26.685
1467;1563727748.0635;-0.10;26.735
1468;1563727748.0685;-0.10;26.705
1469;1563727748.0735;-0.10;26.695
1470;1563727748.0785;-0.10;26.695
1471;1563727748.0834;-0.10;26.700
1472;1563727748.0884;-0.05;26.680
1473;1563727748.0934;0.00;26.720
1474;1563727748.0985;0.05;26.720
1475;1563727748.1034;0.00;26.680
1476;1563727748.1084;0.00;26.750
1477;1563727748.1135;0.05;26.750
1478;1563727748.1184;0.00;26.710
1479;1563727748.1235;0.05;26.700
1480;1563727748.1284;0.00;26.725
1481;1563727748.1334;0.05;26.725
1482;1563727748.1384;0.00;26.745
1483;1563727748.1435;0.05;26.730
1484;1563727748.1484;0.05;26.730
1485;1563727748.1544;0.05;26.685
1486;1563727748.1594;0.05;26.705
1487;1563727748.1645;0.05;26.690
1488;1563727748.1694;0.00;26.690
1489;1563727748.1745;-0.05;26.720
1490;1563727748.1794;-0.05;26.695
1491;1563727748.1844;-0.05;26.740
1492;1563727748.1894;-0.05;26.740
1493;1563727748.1944;-0.05;26.695
1494;1563727748.1994;-0.05;26.690
1495;1563727748.2045;-0.05;26.750
1496;1563727748.2094;-0.05;26.750
1497;1563727748.2145;-0.05;26.725
1498;1563727748.2194;0.00;26.730
1499;1563727748.2245;0.00;26.730
1500;1563727748.2294;0.00;26.705
1501;1563727748.2344;0.05;26.715
1502;1563727748.2394;0.00;26.665
1503;1563727748.2445;0.00;26.665
1504;1563727748.2494;0.00;26.690
1505;1563727748.2544;0.00;26.685
1506;1563727748.2594;0.05;26.705
1507;1563727748.2644;0.05;26.705
1508;1563727748.2694;0.10;26.735
1509;1563727748.2744;0.05;26.700
1510;1563727748.2794;0.00;26.700
1511;1563727748.2844;0.05;26.705
1512;1563727748.2894;0.10;26.700
1513;1563727748.2945;0.05;26.695
1514;1563727748.2994;0.05;26.695
1515;1563727748.3045;0.05;26.710
1516;1563727748.3094;0.00;26.705
1517;1563727748.3145;0.00;26.705
1518;1563727748.3194;0.00;26.710
1519;1563727748.3244;0.00;26.700
1520;1563727748.3294;0.00;26.725
1521;1563727748.3345;0.00;26.725
1522;1563727748.3394;0.00;26.695
1523;1563727748.3445;0.05;26.705
1524;1563727748.3494;0.00;26.705
1525;1563727748.3545;0.05;26.705
1526;1563727748.3594;0.00;26.725
1527;1563727748.3645;0.05;26.760
1528;1563727748.3695;0.05;26.760
1529;1563727748.3746;0.00;26.690
1530;1563727748.3794;0.00;26.670
1531;1563727748.3844;0.00;26.720
1532;1563727748.3893;0.05;26.720
1533;1563727748.3943;0.00;26.695
1534;1563727748.3994;0.00;26.725
1535;1563727748.4044;0.05;26.725
1536;1563727748.4094;0.00;26.695
1537;1563727748.4144;0.00;26.680
1538;1563727748.4195;0.05;26.695
1539;1563727748.4245;0.00;26.695
1540;1563727748.4294;0.00;26.695
1541;1563727748.4344;0.05;26.725
1542;1563727748.4394;0.00;26.705
1543;1563727748.4444;0.05;26.705
1544;1563727748.4494;0.00;26.725
1545;1563727748.4545;0.00;26.670
1546;1563727748.4595;0.00;26.670
1547;1563727748.4645;0.00;26.715
1548;1563727748.4694;0.00;26.715
1549;1563727748.4745;0.05;26.735
1550;1563727748.4795;0.05;26.735
1551;1563727748.4845;0.05;26.690
1552;1563727748.4895;-0.05;26.680
1553;1563727748.4944;0.00;26.680
1554;1563727748.4995;-0.05;26.705
1555;1563727748.5045;-0.05;26.700
1556;1563727748.5095;-0.05;26.725
1557;1563727748.5144;0.00;26.725
1558;1563727748.5194;-0.05;26.735
1559;1563727748.5244;0.00;26.745
1560;1563727748.5294;-0.05;26.725
1561;1563727748.5344;-0.05;26.725
1562;1563727748.5394;-0.05;26.745
1563;1563727748.5444;0.00;26.700
1564;1563727748.5494;0.00;26.700
1565;1563727748.5545;0.00;26.730
1566;1563727748.5595;-0.05;26.740
1567;1563727748.5645;0.00;26.705
1568;1563727748.5695;0.00;26.705
1569;1563727748.5745;0.00;26.715
1570;1563727748.5795;0.05;26.710
1571;1563727748.5845;0.00;26.710
1572;1563727748.5894;0.05;26.705
1573;1563727748.5945;0.05;26.705
1574;1563727748.5995;0.05;26.725
1575;1563727748.6045;0.00;26.725
1576;1563727748.6095;0.05;26.725
1577;1563727748.6145;0.05;26.705
1578;1563727748.6195;0.05;26.720
1579;1563727748.6245;0.05;26.720
1580;1563727748.6294;0.05;26.745
1581;1563727748.6344;0.05;26.715
1582;1563727748.6394;0.05;26.715
1583;1563727748.6445;0.05;26.710
1584;1563727748.6494;0.05;26.700
1585;1563727748.6545;0.00;26.715
1586;1563727748.6594;0.05;26.715
1587;1563727748.6644;0.05;26.725
1588;1563727748.6694;0.00;26.700
1589;1563727748.6744;0.00;26.675
1590;1563727748.6794;0.00;26.675
1591;1563727748.6844;0.00;26.720
1592;1563727748.6895;-0.05;26.725
1593;1563727748.6945;0.05;26.725
1594;1563727748.6995;0.00;26.740
1595;1563727748.7045;0.00;26.710
1596;1563727748.7094;0.00;26.715
1597;1563727748.7146;0.05;26.715
1598;1563727748.7194;0.00;26.665
1599;1563727748.7244;0.00;26.705
1600;1563727748.7295;0.00;26.705
1601;1563727748.7345;0.00;26.710
1602;1563727748.7395;0.05;26.740
1603;1563727748.7444;0.00;26.705
1604;1563727748.7494;-0.05;26.705
1605;1563727748.7543;0.00;26.705
1606;1563727748.7595;0.00;26.695
1607;1563727748.7645;0.05;26.725
1608;1563727748.7694;0.00;26.725
1609;1563727748.7744;0.05;26.700
1610;1563727748.7794;0.00;26.690
1611;1563727748.7844;0.00;26.690
1612;1563727748.7894;0.05;26.700
1613;1563727748.7945;0.00;26.670
1614;1563727748.7995;0.05;26.645
1615;1563727748.8045;0.05;26.645
1616;1563727748.8094;0.00;26.710
1617;1563727748.8145;0.00;26.705
1618;1563727748.8196;0.00;26.705
1619;1563727748.8244;0.00;26.700
1620;1563727748.8295;0.00;26.715
1621;1563727748.8344;0.05;26.690
1622;1563727748.8395;0.00;26.690
1623;1563727748.8446;0.00;26.725
1624;1563727748.8494;0.05;26.685
1625;1563727748.8545;0.00;26.705
1626;1563727748.8595;0.00;26.705
1627;1563727748.8645;0.00;26.720
1628;1563727748.8694;0.00;26.690
1629;1563727748.8746;0.00;26.690
1630;1563727748.8795;0.05;26.715
1631;1563727748.8844;0.05;26.705
1632;1563727748.8893;0.05;26.700
1633;1563727748.8944;0.05;26.700
1634;1563727748.8995;0.00;26.690
1635;1563727748.9045;0.00;26.695
1636;1563727748.9094;0.05;26.695
1637;1563727748.9145;0.05;26.740
1638;1563727748.9195;0.00;26.680
1639;1563727748.9245;0.00;26.700
1640;1563727748.9295;0.00;26.700
1641;1563727748.9345;0.00;26.730
1642;1563727748.9395;0.05;26.705
1643;1563727748.9445;0.00;26.705
1644;1563727748.9494;0.00;26.705
1645;1563727748.9544;0.00;26.705
1646;1563727748.9595;0.00;26.710
1647;1563727748.9644;0.00;26.710
1648;1563727748.9695;0.00;26.700
1649;1563727748.9744;0.00;26.680
1650;1563727748.9796;0.00;26.685
1651;1563727748.9845;0.05;26.685
1652;1563727748.9894;0.00;26.705
1653;1563727748.9945;0.00;26.715
1654;1563727748.9994;-0.05;26.710
1655;1563727749.0044;0.00;26.710
1656;1563727749.0094;0.00;26.715
1657;1563727749.0144;0.00;26.675
1658;1563727749.0193;0.00;26.675
1659;1563727749.0245;-0.05;26.710
1660;1563727749.0294;0.00;26.700
1661;1563727749.0344;0.00;26.700
1662;1563727749.0394;0.05;26.700
1663;1563727749.0444;0.00;26.695
1664;1563727749.0494;0.00;26.725
1665;1563727749.0545;0.00;26.725
1666;1563727749.0595;0.00;26.695
1667;1563727749.0646;0.05;26.690
1668;1563727749.0694;-0.05;26.675
1669;1563727749.0746;0.00;26.675
1670;1563727749.0796;0.05;26.725
1671;1563727749.0844;0.00;26.730
1672;1563727749.0895;0.00;26.670
1673;1563727749.0945;0.05;26.670
1674;1563727749.0994;0.00;26.685
1675;1563727749.1045;0.05;26.690
1676;1563727749.1095;0.00;26.690
1677;1563727749.1145;0.00;26.685
1678;1563727749.1196;0.00;26.705
1679;1563727749.1244;0.05;26.715
1680;1563727749.1293;0.00;26.715
1681;1563727749.1343;0.05;26.685
1682;1563727749.1395;0.00;26.710
1683;1563727749.1444;0.00;26.710
1684;1563727749.1494;0.05;26.680
1685;1563727749.1545;0.00;26.685
1686;1563727749.1594;0.05;26.705
1687;1563727749.1645;0.00;26.705
1688;1563727749.1694;0.00;26.705
1689;1563727749.1744;0.00;26.700
1690;1563727749.1794;0.00;26.700
1691;1563727749.1845;0.05;26.700
1692;1563727749.1894;0.05;26.695
1693;1563727749.1944;0.00;26.745
1694;1563727749.1995;0.05;26.745
1695;1563727749.2045;0.00;26.695
1696;1563727749.2095;0.00;26.700
1697;1563727749.2146;0.00;26.705
1698;1563727749.2196;0.05;26.705
1699;1563727749.2245;0.00;26.670
1700;1563727749.2294;0.05;26.695
1701;1563727749.2344;0.05;26.695
1702;1563727749.2395;0.05;26.690
1703;1563727749.2444;0.00;26.705
1704;1563727749.2494;0.05;26.710
1705;1563727749.2544;0.00;26.710
1706;1563727749.2594;0.05;26.720
1707;1563727749.2644;0.05;26.710
1708;1563727749.2694;0.00;26.705
1709;1563727749.2744;0.00;26.705
1710;1563727749.2794;0.05;26.685
1711;1563727749.2845;0.00;26.705
1712;1563727749.2894;0.00;26.705
1713;1563727749.2945;0.00;26.715
1714;1563727749.2994;0.05;26.715
1715;1563727749.3045;0.00;26.680
1716;1563727749.3094;0.00;26.680
1717;1563727749.3145;0.00;26.700
1718;1563727749.3195;0.00;26.715
1719;1563727749.3245;0.05;26.715
1720;1563727749.3295;0.05;26.660
1721;1563727749.3345;0.05;26.700
1722;1563727749.3395;0.05;26.690
1723;1563727749.3445;0.05;26.690
1724;1563727749.3495;0.00;26.695
1725;1563727749.3544;0.00;26.705
