0;1563726693.4252;0.00;26.195
1;1563726693.4302;0.00;26.225
2;1563726693.4352;0.00;26.225
3;1563726693.4402;0.00;26.200
4;1563726693.4452;0.05;26.215
5;1563726693.4503;0.05;26.220
6;1563726693.4552;0.05;26.220
7;1563726693.4601;0.05;26.220
8;1563726693.4652;0.00;26.205
9;1563726693.4703;0.05;26.205
10;1563726693.4752;0.00;26.195
11;1563726693.4802;0.00;26.200
12;1563726693.4852;0.00;26.215
13;1563726693.4902;0.00;26.215
14;1563726693.4952;0.00;26.225
15;1563726693.5002;0.05;26.230
16;1563726693.5053;0.00;26.230
17;1563726693.5103;0.00;26.230
18;1563726693.5153;0.00;26.235
19;1563726693.5202;0.00;26.180
20;1563726693.5253;0.00;26.180
21;1563726693.5304;0.00;26.240
22;1563726693.5353;0.00;26.235
23;1563726693.5402;0.00;26.210
24;1563726693.5454;0.05;26.210
25;1563726693.5503;-0.05;26.215
26;1563726693.5552;0.05;26.225
27;1563726693.5603;0.05;26.225
28;1563726693.5654;0.05;26.230
29;1563726693.5704;0.00;26.225
30;1563726693.5752;0.05;26.225
31;1563726693.5802;0.05;26.225
32;1563726693.5852;-0.05;26.240
33;1563726693.5903;0.05;26.210
34;1563726693.5953;0.00;26.210
35;1563726693.6002;0.00;26.230
36;1563726693.6052;0.05;26.205
37;1563726693.6103;0.05;26.210
38;1563726693.6154;0.00;26.210
39;1563726693.6203;0.00;26.205
40;1563726693.6254;0.05;26.220
41;1563726693.6303;0.00;26.240
42;1563726693.6353;0.00;26.240
43;1563726693.6403;-0.05;26.195
44;1563726693.6454;-0.05;26.230
45;1563726693.6503;0.05;26.230
46;1563726693.6553;-0.05;26.200
47;1563726693.6604;0.00;26.210
48;1563726693.6654;0.00;26.205
49;1563726693.6703;0.00;26.205
50;1563726693.6754;0.00;26.210
51;1563726693.6803;0.05;26.225
52;1563726693.6854;0.05;26.225
53;1563726693.6902;0.00;26.210
54;1563726693.6953;0.00;26.235
55;1563726693.7011;0.00;26.205
56;1563726693.7062;0.00;26.225
57;1563726693.7112;0.00;26.225
58;1563726693.7162;0.00;26.220
59;1563726693.7212;0.00;26.220
60;1563726693.7262;0.00;26.220
61;1563726693.7312;0.00;26.240
62;1563726693.7363;0.00;26.190
63;1563726693.7412;0.05;26.185
64;1563726693.7464;0.00;26.185
65;1563726693.7512;-0.05;26.195
66;1563726693.7563;0.05;26.250
67;1563726693.7613;0.00;26.250
68;1563726693.7664;0.00;26.190
69;1563726693.7713;0.00;26.240
70;1563726693.7764;0.00;26.205
71;1563726693.7814;0.00;26.205
72;1563726693.7864;0.00;26.235
73;1563726693.7913;0.00;26.185
74;1563726693.7963;-0.05;26.230
75;1563726693.8014;0.00;26.230
76;1563726693.8064;0.05;26.215
77;1563726693.8112;0.00;26.190
78;1563726693.8163;-0.05;26.190
79;1563726693.8212;0.00;26.180
80;1563726693.8263;0.00;26.200
81;1563726693.8312;0.00;26.210
82;1563726693.8362;0.00;26.210
83;1563726693.8413;0.05;26.190
84;1563726693.8462;0.00;26.225
85;1563726693.8513;0.00;26.225
86;1563726693.8563;0.00;26.225
87;1563726693.8613;0.05;26.215
88;1563726693.8663;0.00;26.210
89;1563726693.8712;0.00;26.210
90;1563726693.8762;0.05;26.240
91;1563726693.8814;0.05;26.175
92;1563726693.8863;0.00;26.190
93;1563726693.8914;0.00;26.190
94;1563726693.8963;0.05;26.200
95;1563726693.9014;0.05;26.230
96;1563726693.9063;0.05;26.230
97;1563726693.9112;0.00;26.230
98;1563726693.9163;0.05;26.190
99;1563726693.9212;0.00;26.190
100;1563726693.9264;0.00;26.190
101;1563726693.9313;0.00;26.235
102;1563726693.9363;0.00;26.215
103;1563726693.9414;0.05;26.215
104;1563726693.9462;0.00;26.215
105;1563726693.9512;0.00;26.195
106;1563726693.9563;0.00;26.230
107;1563726693.9614;0.00;26.230
108;1563726693.9666;0.05;26.210
109;1563726693.9712;0.00;26.200
110;1563726693.9762;0.00;26.225
111;1563726693.9813;0.00;26.225
112;1563726693.9862;0.00;26.205
113;1563726693.9914;0.00;26.190
114;1563726693.9963;0.05;26.190
115;1563726694.0012;0.00;26.180
116;1563726694.0064;-0.05;26.210
117;1563726694.0113;-0.05;26.210
118;1563726694.0162;0.00;26.210
119;1563726694.0214;0.00;26.190
120;1563726694.0263;0.00;26.230
121;1563726694.0312;0.00;26.210
122;1563726694.0363;0.05;26.210
123;1563726694.0413;0.00;26.180
124;1563726694.0463;0.00;26.240
125;1563726694.0513;0.05;26.240
126;1563726694.0562;0.00;26.190
127;1563726694.0612;0.00;26.195
128;1563726694.0663;0.00;26.190
129;1563726694.0712;0.05;26.190
130;1563726694.0762;0.00;26.230
131;1563726694.0813;0.00;26.220
132;1563726694.0862;0.00;26.220
133;1563726694.0913;0.00;26.230
134;1563726694.0963;0.05;26.215
135;1563726694.1012;0.05;26.205
136;1563726694.1062;0.05;26.205
137;1563726694.1113;-0.05;26.220
138;1563726694.1163;0.05;26.250
139;1563726694.1214;0.00;26.210
140;1563726694.1262;0.00;26.210
141;1563726694.1314;0.00;26.210
142;1563726694.1363;0.00;26.200
143;1563726694.1414;0.00;26.200
144;1563726694.1464;0.00;26.240
145;1563726694.1514;0.05;26.185
146;1563726694.1563;0.00;26.235
147;1563726694.1614;-0.05;26.235
148;1563726694.1663;0.00;26.210
149;1563726694.1713;0.00;26.210
150;1563726694.1762;0.00;26.210
151;1563726694.1812;0.00;26.195
152;1563726694.1862;0.00;26.225
153;1563726694.1913;0.00;26.210
154;1563726694.1962;0.00;26.210
155;1563726694.2014;0.05;26.220
156;1563726694.2062;0.00;26.230
157;1563726694.2112;0.00;26.195
158;1563726694.2162;0.00;26.195
159;1563726694.2212;0.00;26.210
160;1563726694.2262;0.05;26.205
161;1563726694.2312;0.00;26.205
162;1563726694.2363;0.00;26.210
163;1563726694.2412;0.00;26.195
164;1563726694.2462;0.00;26.190
165;1563726694.2512;-0.05;26.190
166;1563726694.2563;-0.05;26.205
167;1563726694.2612;0.00;26.230
168;1563726694.2662;0.00;26.225
169;1563726694.2713;0.00;26.225
170;1563726694.2763;0.05;26.250
171;1563726694.2814;-0.05;26.210
172;1563726694.2863;0.00;26.210
173;1563726694.2914;0.05;26.210
174;1563726694.2964;0.00;26.250
175;1563726694.3013;0.00;26.175
176;1563726694.3064;0.05;26.175
177;1563726694.3113;0.00;26.190
178;1563726694.3163;0.05;26.190
179;1563726694.3212;0.00;26.190
180;1563726694.3262;0.00;26.250
181;1563726694.3312;0.00;26.220
182;1563726694.3362;0.00;26.205
183;1563726694.3413;0.00;26.205
184;1563726694.3462;0.00;26.210
185;1563726694.3512;0.05;26.205
186;1563726694.3563;0.00;26.210
187;1563726694.3613;0.05;26.210
188;1563726694.3662;0.05;26.240
189;1563726694.3713;0.05;26.220
190;1563726694.3763;0.00;26.220
191;1563726694.3814;0.00;26.235
192;1563726694.3863;0.00;26.225
193;1563726694.3914;0.00;26.225
194;1563726694.3964;0.00;26.225
195;1563726694.4014;0.00;26.200
196;1563726694.4064;0.05;26.215
197;1563726694.4112;0.00;26.215
198;1563726694.4163;0.00;26.215
199;1563726694.4214;0.05;26.205
200;1563726694.4263;0.00;26.200
201;1563726694.4314;0.00;26.200
202;1563726694.4363;0.05;26.175
203;1563726694.4413;0.00;26.245
204;1563726694.4462;0.00;26.200
205;1563726694.4512;0.05;26.200
206;1563726694.4562;-0.05;26.230
207;1563726694.4612;0.00;26.225
208;1563726694.4663;0.00;26.225
209;1563726694.4712;0.05;26.215
210;1563726694.4762;-0.05;26.210
211;1563726694.4813;0.00;26.245
212;1563726694.4862;0.05;26.245
213;1563726694.4912;0.00;26.220
214;1563726694.4962;0.00;26.235
215;1563726694.5012;0.00;26.235
216;1563726694.5073;0.00;26.210
217;1563726694.5123;0.00;26.205
218;1563726694.5173;0.00;26.230
219;1563726694.5223;0.00;26.250
220;1563726694.5273;0.00;26.250
221;1563726694.5323;0.00;26.145
222;1563726694.5372;0.00;26.215
223;1563726694.5423;0.05;26.215
224;1563726694.5474;0.00;26.195
225;1563726694.5524;0.00;26.195
226;1563726694.5573;0.00;26.225
227;1563726694.5624;0.05;26.225
228;1563726694.5672;0.05;26.210
229;1563726694.5722;-0.05;26.215
230;1563726694.5772;0.00;26.215
231;1563726694.5822;0.00;26.210
232;1563726694.5872;0.05;26.210
233;1563726694.5922;0.00;26.210
234;1563726694.5972;0.00;26.210
235;1563726694.6022;0.00;26.230
236;1563726694.6073;0.00;26.240
237;1563726694.6123;0.05;26.170
238;1563726694.6172;0.00;26.170
239;1563726694.6222;0.00;26.230
240;1563726694.6272;0.00;26.230
241;1563726694.6323;0.05;26.230
242;1563726694.6372;0.00;26.205
243;1563726694.6423;0.00;26.195
244;1563726694.6473;0.05;26.165
245;1563726694.6523;0.00;26.165
246;1563726694.6573;-0.05;26.240
247;1563726694.6623;0.00;26.250
248;1563726694.6673;0.00;26.250
249;1563726694.6723;-0.05;26.230
250;1563726694.6774;0.00;26.200
251;1563726694.6824;0.00;26.195
252;1563726694.6873;0.00;26.195
253;1563726694.6923;0.00;26.225
254;1563726694.6974;0.00;26.210
255;1563726694.7023;0.00;26.190
256;1563726694.7073;0.00;26.190
257;1563726694.7122;0.00;26.230
258;1563726694.7172;0.00;26.210
259;1563726694.7223;0.00;26.210
260;1563726694.7273;0.00;26.175
261;1563726694.7322;0.00;26.220
262;1563726694.7372;0.00;26.225
263;1563726694.7422;0.00;26.225
264;1563726694.7473;0.00;26.215
265;1563726694.7522;0.00;26.180
266;1563726694.7573;0.00;26.220
267;1563726694.7622;0.00;26.220
268;1563726694.7673;0.05;26.250
269;1563726694.7723;0.00;26.210
270;1563726694.7773;0.00;26.210
271;1563726694.7822;0.00;26.210
272;1563726694.7872;0.00;26.190
273;1563726694.7924;0.00;26.190
274;1563726694.7974;0.05;26.190
275;1563726694.8024;0.00;26.230
276;1563726694.8074;-0.05;26.175
277;1563726694.8123;0.00;26.175
278;1563726694.8173;0.05;26.195
279;1563726694.8223;0.00;26.225
280;1563726694.8272;0.00;26.230
281;1563726694.8322;0.00;26.230
282;1563726694.8372;0.00;26.220
283;1563726694.8423;0.05;26.170
284;1563726694.8472;0.00;26.230
285;1563726694.8522;0.00;26.230
286;1563726694.8573;0.00;26.210
287;1563726694.8623;0.00;26.225
288;1563726694.8673;0.00;26.225
289;1563726694.8723;0.00;26.235
290;1563726694.8772;0.05;26.225
291;1563726694.8823;0.00;26.230
292;1563726694.8873;0.00;26.230
293;1563726694.8922;0.00;26.210
294;1563726694.8972;-0.05;26.200
295;1563726694.9023;0.00;26.200
296;1563726694.9073;0.00;26.190
297;1563726694.9122;0.05;26.190
298;1563726694.9174;0.00;26.220
299;1563726694.9223;0.00;26.220
300;1563726694.9273;0.00;26.235
301;1563726694.9323;0.05;26.200
302;1563726694.9373;0.00;26.215
303;1563726694.9424;0.05;26.215
304;1563726694.9472;0.00;26.220
305;1563726694.9522;0.00;26.220
306;1563726694.9572;0.00;26.220
307;1563726694.9622;0.00;26.260
308;1563726694.9673;0.05;26.200
309;1563726694.9722;0.00;26.230
310;1563726694.9774;0.00;26.230
311;1563726694.9822;0.00;26.215
312;1563726694.9873;0.00;26.230
313;1563726694.9923;0.00;26.230
314;1563726694.9973;0.00;26.210
315;1563726695.0023;0.00;26.230
316;1563726695.0073;0.05;26.190
317;1563726695.0122;0.05;26.190
318;1563726695.0172;0.00;26.185
319;1563726695.0223;0.05;26.230
320;1563726695.0273;0.00;26.210
321;1563726695.0323;0.00;26.210
322;1563726695.0372;0.00;26.195
323;1563726695.0424;0.00;26.225
324;1563726695.0474;0.00;26.225
325;1563726695.0522;0.05;26.215
326;1563726695.0572;0.00;26.250
327;1563726695.0622;-0.05;26.230
328;1563726695.0672;0.00;26.230
329;1563726695.0723;0.05;26.235
330;1563726695.0772;0.05;26.215
331;1563726695.0822;0.05;26.245
332;1563726695.0873;0.00;26.245
333;1563726695.0922;0.00;26.225
334;1563726695.0972;0.00;26.190
335;1563726695.1022;0.00;26.190
336;1563726695.1074;0.00;26.180
337;1563726695.1123;0.00;26.235
338;1563726695.1172;0.00;26.180
339;1563726695.1223;0.05;26.180
340;1563726695.1273;0.00;26.230
341;1563726695.1323;0.00;26.215
342;1563726695.1372;0.05;26.215
343;1563726695.1423;0.05;26.200
344;1563726695.1473;0.05;26.250
345;1563726695.1523;0.00;26.195
346;1563726695.1573;0.00;26.195
347;1563726695.1623;0.00;26.215
348;1563726695.1673;0.00;26.225
349;1563726695.1722;0.05;26.210
350;1563726695.1772;0.05;26.210
351;1563726695.1822;0.05;26.215
352;1563726695.1872;0.05;26.210
353;1563726695.1923;0.00;26.210
354;1563726695.1972;0.00;26.200
355;1563726695.2023;0.00;26.230
356;1563726695.2072;0.00;26.195
357;1563726695.2122;0.00;26.195
358;1563726695.2172;0.00;26.245
359;1563726695.2222;0.00;26.210
360;1563726695.2272;-0.05;26.210
361;1563726695.2323;0.00;26.220
362;1563726695.2373;0.00;26.205
363;1563726695.2423;0.05;26.220
364;1563726695.2472;0.00;26.220
365;1563726695.2523;0.00;26.180
366;1563726695.2573;0.05;26.205
367;1563726695.2624;0.00;26.205
368;1563726695.2674;0.00;26.205
369;1563726695.2723;0.00;26.250
370;1563726695.2773;0.05;26.215
371;1563726695.2824;0.05;26.215
372;1563726695.2874;0.00;26.215
373;1563726695.2924;0.05;26.195
374;1563726695.2975;0.00;26.205
375;1563726695.3023;0.00;26.205
376;1563726695.3074;0.05;26.210
377;1563726695.3123;0.05;26.200
378;1563726695.3172;0.00;26.200
379;1563726695.3223;0.05;26.230
380;1563726695.3272;0.00;26.200
381;1563726695.3322;-0.05;26.210
382;1563726695.3372;0.00;26.210
383;1563726695.3423;0.00;26.235
384;1563726695.3472;0.00;26.190
385;1563726695.3522;0.05;26.230
386;1563726695.3573;0.00;26.230
387;1563726695.3623;0.00;26.215
388;1563726695.3672;0.00;26.200
389;1563726695.3723;0.05;26.200
390;1563726695.3772;0.00;26.230
391;1563726695.3823;0.05;26.195
392;1563726695.3873;0.05;26.190
393;1563726695.3924;0.00;26.190
394;1563726695.3974;-0.05;26.230
395;1563726695.4023;0.00;26.230
396;1563726695.4073;0.00;26.230
397;1563726695.4123;0.00;26.200
398;1563726695.4172;0.00;26.195
399;1563726695.4223;0.00;26.220
400;1563726695.4273;0.00;26.220
401;1563726695.4323;0.00;26.210
402;1563726695.4373;0.00;26.230
403;1563726695.4422;0.00;26.230
404;1563726695.4472;0.05;26.230
405;1563726695.4521;0.00;26.210
406;1563726695.4572;0.00;26.210
407;1563726695.4621;-0.05;26.210
408;1563726695.4673;0.00;26.220
409;1563726695.4722;0.00;26.190
410;1563726695.4772;0.05;26.215
411;1563726695.4822;0.00;26.215
412;1563726695.4872;0.00;26.255
413;1563726695.4923;0.00;26.245
414;1563726695.4972;0.00;26.220
415;1563726695.5023;0.00;26.220
416;1563726695.5072;0.00;26.210
417;1563726695.5123;0.00;26.190
418;1563726695.5172;-0.05;26.190
419;1563726695.5223;0.00;26.210
420;1563726695.5273;0.00;26.210
421;1563726695.5323;0.05;26.230
422;1563726695.5374;0.00;26.230
423;1563726695.5423;0.00;26.190
424;1563726695.5474;0.00;26.180
425;1563726695.5523;0.05;26.180
426;1563726695.5573;0.00;26.190
427;1563726695.5623;0.00;26.210
428;1563726695.5672;0.00;26.205
429;1563726695.5722;0.05;26.205
430;1563726695.5772;0.00;26.210
431;1563726695.5822;0.00;26.210
432;1563726695.5872;0.05;26.245
433;1563726695.5923;-0.05;26.245
434;1563726695.5972;0.00;26.215
435;1563726695.6023;0.00;26.220
436;1563726695.6072;0.00;26.220
437;1563726695.6122;0.05;26.230
438;1563726695.6173;0.00;26.195
439;1563726695.6223;0.00;26.230
440;1563726695.6273;0.00;26.230
441;1563726695.6323;0.00;26.195
442;1563726695.6372;0.00;26.215
443;1563726695.6422;0.00;26.215
444;1563726695.6474;0.05;26.245
445;1563726695.6522;0.00;26.190
446;1563726695.6572;0.00;26.215
447;1563726695.6622;0.00;26.215
448;1563726695.6673;0.00;26.210
449;1563726695.6722;0.00;26.190
450;1563726695.6773;0.00;26.200
451;1563726695.6822;0.00;26.200
452;1563726695.6872;0.00;26.215
453;1563726695.6922;0.00;26.225
454;1563726695.6972;0.00;26.225
455;1563726695.7022;0.05;26.190
456;1563726695.7072;0.00;26.225
457;1563726695.7122;0.00;26.230
458;1563726695.7173;0.00;26.230
459;1563726695.7222;0.00;26.205
460;1563726695.7273;0.00;26.250
461;1563726695.7322;0.05;26.250
462;1563726695.7372;0.00;26.225
463;1563726695.7422;0.00;26.230
464;1563726695.7472;0.00;26.235
465;1563726695.7522;0.00;26.235
466;1563726695.7572;0.05;26.215
467;1563726695.7623;0.05;26.230
468;1563726695.7673;0.00;26.195
469;1563726695.7723;0.00;26.195
470;1563726695.7772;0.00;26.240
471;1563726695.7822;0.05;26.235
472;1563726695.7873;0.05;26.235
473;1563726695.7923;0.00;26.230
474;1563726695.7975;0.00;26.230
475;1563726695.8023;0.00;26.220
476;1563726695.8074;0.00;26.220
477;1563726695.8123;0.00;26.245
478;1563726695.8174;0.00;26.210
479;1563726695.8223;0.00;26.205
480;1563726695.8272;0.00;26.205
481;1563726695.8322;0.00;26.220
482;1563726695.8372;0.00;26.210
483;1563726695.8423;0.05;26.210
484;1563726695.8472;0.05;26.205
485;1563726695.8522;0.00;26.220
486;1563726695.8572;0.00;26.210
487;1563726695.8623;0.05;26.210
488;1563726695.8672;-0.05;26.225
489;1563726695.8723;0.00;26.240
490;1563726695.8773;0.05;26.240
491;1563726695.8823;0.00;26.210
492;1563726695.8873;0.00;26.195
493;1563726695.8923;0.00;26.230
494;1563726695.8973;0.00;26.230
495;1563726695.9022;0.05;26.230
496;1563726695.9074;0.05;26.200
497;1563726695.9123;0.05;26.220
498;1563726695.9173;0.00;26.220
499;1563726695.9223;0.00;26.220
500;1563726695.9273;0.00;26.205
501;1563726695.9324;0.00;26.205
502;1563726695.9374;-0.05;26.205
503;1563726695.9423;0.00;26.220
504;1563726695.9472;-0.05;26.215
505;1563726695.9522;0.00;26.215
506;1563726695.9572;0.00;26.210
507;1563726695.9623;0.05;26.210
508;1563726695.9673;0.00;26.210
509;1563726695.9722;0.05;26.210
510;1563726695.9772;0.00;26.210
511;1563726695.9823;-0.05;26.200
512;1563726695.9873;-0.05;26.200
513;1563726695.9924;-0.05;26.210
514;1563726695.9974;0.00;26.225
515;1563726696.0023;0.00;26.210
516;1563726696.0074;0.00;26.210
517;1563726696.0123;0.00;26.220
518;1563726696.0172;-0.05;26.230
519;1563726696.0223;0.00;26.230
520;1563726696.0273;0.00;26.225
521;1563726696.0322;0.05;26.230
522;1563726696.0372;0.00;26.235
523;1563726696.0423;0.00;26.235
524;1563726696.0473;0.00;26.190
525;1563726696.0524;0.00;26.220
526;1563726696.0574;0.00;26.220
527;1563726696.0624;0.00;26.230
528;1563726696.0673;0.05;26.210
529;1563726696.0722;0.00;26.205
530;1563726696.0772;0.00;26.205
531;1563726696.0822;0.00;26.250
532;1563726696.0873;0.00;26.240
533;1563726696.0923;0.00;26.210
534;1563726696.0972;0.00;26.210
535;1563726696.1022;-0.05;26.245
536;1563726696.1072;0.00;26.210
537;1563726696.1122;0.00;26.210
538;1563726696.1172;0.05;26.240
539;1563726696.1222;0.00;26.220
540;1563726696.1273;0.00;26.195
541;1563726696.1323;0.00;26.195
542;1563726696.1372;-0.05;26.200
543;1563726696.1423;0.00;26.235
544;1563726696.1472;0.00;26.235
545;1563726696.1524;0.00;26.210
546;1563726696.1573;0.05;26.210
547;1563726696.1623;0.00;26.220
548;1563726696.1673;0.00;26.220
549;1563726696.1723;0.00;26.215
550;1563726696.1773;0.05;26.210
551;1563726696.1822;0.00;26.205
552;1563726696.1873;0.00;26.205
553;1563726696.1922;0.00;26.200
554;1563726696.1972;0.00;26.210
555;1563726696.2023;0.00;26.210
556;1563726696.2072;0.00;26.245
557;1563726696.2122;0.05;26.180
558;1563726696.2172;0.00;26.245
559;1563726696.2223;-0.05;26.245
560;1563726696.2273;0.00;26.210
561;1563726696.2323;0.00;26.190
562;1563726696.2372;0.05;26.195
563;1563726696.2422;0.00;26.195
564;1563726696.2473;0.00;26.205
565;1563726696.2523;0.00;26.210
566;1563726696.2572;0.05;26.210
567;1563726696.2622;0.00;26.185
568;1563726696.2673;0.05;26.210
569;1563726696.2722;0.00;26.225
570;1563726696.2772;0.00;26.225
571;1563726696.2823;0.00;26.225
572;1563726696.2873;0.00;26.190
573;1563726696.2922;0.00;26.190
574;1563726696.2974;-0.05;26.180
575;1563726696.3023;0.00;26.190
576;1563726696.3073;0.00;26.230
577;1563726696.3123;0.00;26.230
578;1563726696.3174;0.00;26.215
579;1563726696.3223;0.00;26.190
580;1563726696.3273;0.00;26.215
581;1563726696.3322;0.00;26.215
582;1563726696.3372;0.00;26.190
583;1563726696.3422;0.00;26.205
584;1563726696.3473;0.05;26.205
585;1563726696.3523;0.00;26.230
586;1563726696.3572;0.05;26.235
587;1563726696.3622;0.00;26.190
588;1563726696.3673;0.00;26.190
589;1563726696.3722;0.00;26.230
590;1563726696.3773;0.00;26.225
591;1563726696.3823;0.05;26.225
592;1563726696.3873;-0.05;26.220
593;1563726696.3923;0.00;26.185
594;1563726696.3974;0.00;26.230
595;1563726696.4023;0.00;26.230
596;1563726696.4073;0.00;26.225
597;1563726696.4124;0.00;26.215
598;1563726696.4173;0.00;26.190
599;1563726696.4223;0.00;26.190
600;1563726696.4274;0.05;26.250
601;1563726696.4323;0.00;26.210
602;1563726696.4374;0.00;26.210
603;1563726696.4422;0.05;26.195
604;1563726696.4473;0.00;26.215
605;1563726696.4522;0.05;26.175
606;1563726696.4572;0.00;26.175
607;1563726696.4623;0.00;26.210
608;1563726696.4673;-0.05;26.250
609;1563726696.4722;0.05;26.250
610;1563726696.4772;0.05;26.215
611;1563726696.4823;0.00;26.220
612;1563726696.4872;0.05;26.210
613;1563726696.4923;0.05;26.210
614;1563726696.4974;0.00;26.200
615;1563726696.5023;0.00;26.200
616;1563726696.5073;0.00;26.215
617;1563726696.5124;0.00;26.215
618;1563726696.5173;0.00;26.210
619;1563726696.5224;0.00;26.205
620;1563726696.5274;0.05;26.205
621;1563726696.5324;0.00;26.230
622;1563726696.5374;0.05;26.245
623;1563726696.5424;-0.05;26.230
624;1563726696.5474;0.00;26.230
625;1563726696.5523;0.00;26.230
626;1563726696.5573;0.00;26.205
627;1563726696.5623;0.00;26.210
628;1563726696.5672;0.00;26.210
629;1563726696.5722;0.05;26.200
630;1563726696.5772;0.05;26.220
631;1563726696.5822;0.05;26.220
632;1563726696.5872;0.00;26.210
633;1563726696.5922;0.00;26.225
634;1563726696.5973;0.00;26.190
635;1563726696.6022;0.00;26.190
636;1563726696.6072;0.00;26.175
637;1563726696.6123;0.00;26.185
638;1563726696.6173;0.05;26.185
639;1563726696.6223;0.00;26.205
640;1563726696.6273;0.00;26.200
641;1563726696.6323;0.05;26.245
642;1563726696.6374;0.00;26.245
643;1563726696.6423;0.00;26.220
644;1563726696.6473;0.00;26.215
645;1563726696.6524;0.00;26.225
646;1563726696.6574;0.00;26.225
647;1563726696.6623;0.05;26.230
648;1563726696.6674;0.00;26.210
649;1563726696.6723;0.00;26.210
650;1563726696.6774;0.00;26.250
651;1563726696.6824;0.00;26.190
652;1563726696.6874;-0.05;26.215
653;1563726696.6923;-0.05;26.215
654;1563726696.6972;0.00;26.215
655;1563726696.7023;-0.05;26.210
656;1563726696.7072;0.05;26.210
657;1563726696.7122;0.00;26.220
658;1563726696.7172;0.00;26.230
659;1563726696.7222;0.00;26.190
660;1563726696.7272;0.05;26.190
661;1563726696.7323;0.05;26.215
662;1563726696.7373;0.00;26.230
663;1563726696.7423;0.05;26.175
664;1563726696.7473;0.00;26.175
665;1563726696.7523;0.05;26.210
666;1563726696.7573;0.05;26.220
667;1563726696.7623;0.00;26.220
668;1563726696.7674;0.00;26.210
669;1563726696.7723;0.05;26.175
670;1563726696.7773;0.00;26.230
671;1563726696.7823;0.05;26.230
672;1563726696.7873;0.00;26.230
673;1563726696.7923;0.00;26.210
674;1563726696.7973;0.05;26.210
675;1563726696.8023;0.00;26.220
676;1563726696.8073;0.00;26.210
677;1563726696.8123;0.00;26.210
678;1563726696.8173;0.05;26.210
679;1563726696.8223;0.05;26.190
680;1563726696.8272;0.00;26.225
681;1563726696.8322;0.00;26.215
682;1563726696.8374;0.00;26.215
683;1563726696.8422;0.05;26.195
684;1563726696.8473;0.05;26.230
685;1563726696.8522;0.05;26.230
686;1563726696.8572;0.00;26.220
687;1563726696.8623;0.00;26.210
688;1563726696.8673;0.00;26.215
689;1563726696.8723;0.00;26.215
690;1563726696.8772;0.05;26.210
691;1563726696.8822;0.00;26.220
692;1563726696.8872;0.00;26.220
693;1563726696.8923;0.00;26.235
694;1563726696.8972;0.05;26.220
695;1563726696.9023;0.05;26.180
696;1563726696.9072;0.05;26.180
697;1563726696.9122;0.00;26.220
698;1563726696.9172;0.00;26.210
699;1563726696.9222;0.05;26.200
700;1563726696.9273;0.00;26.200
701;1563726696.9323;0.00;26.210
702;1563726696.9374;0.00;26.230
703;1563726696.9423;0.00;26.230
704;1563726696.9473;0.00;26.210
705;1563726696.9522;0.05;26.250
706;1563726696.9572;0.00;26.225
707;1563726696.9624;0.00;26.225
708;1563726696.9672;0.05;26.210
709;1563726696.9723;0.00;26.250
710;1563726696.9772;0.05;26.190
711;1563726696.9822;0.05;26.190
712;1563726696.9872;0.00;26.245
713;1563726696.9922;0.00;26.225
714;1563726696.9973;0.05;26.225
715;1563726697.0022;0.00;26.195
716;1563726697.0072;0.00;26.230
717;1563726697.0122;0.00;26.210
718;1563726697.0172;0.00;26.210
719;1563726697.0223;0.00;26.225
720;1563726697.0272;0.00;26.190
721;1563726697.0322;0.00;26.190
722;1563726697.0372;0.00;26.205
723;1563726697.0423;0.00;26.215
724;1563726697.0472;0.00;26.215
725;1563726697.0523;0.00;26.215
726;1563726697.0574;0.00;26.245
727;1563726697.0622;0.00;26.200
728;1563726697.0673;0.05;26.215
729;1563726697.0723;0.00;26.215
730;1563726697.0772;0.05;26.200
731;1563726697.0822;0.00;26.220
732;1563726697.0872;0.00;26.220
733;1563726697.0923;0.00;26.215
734;1563726697.0973;0.00;26.185
735;1563726697.1022;0.00;26.220
736;1563726697.1072;-0.05;26.220
737;1563726697.1123;0.00;26.230
738;1563726697.1173;0.00;26.210
739;1563726697.1222;0.05;26.210
740;1563726697.1273;0.00;26.205
741;1563726697.1323;0.00;26.220
742;1563726697.1374;0.00;26.230
743;1563726697.1424;0.00;26.230
744;1563726697.1474;0.00;26.225
745;1563726697.1523;0.05;26.235
746;1563726697.1573;0.00;26.210
747;1563726697.1623;-0.05;26.210
748;1563726697.1673;0.05;26.215
749;1563726697.1722;0.00;26.220
750;1563726697.1772;0.00;26.220
751;1563726697.1822;0.00;26.190
752;1563726697.1872;0.00;26.210
753;1563726697.1932;0.00;26.220
754;1563726697.1982;0.00;26.220
755;1563726697.2032;0.00;26.210
756;1563726697.2082;0.00;26.185
757;1563726697.2132;0.00;26.205
758;1563726697.2182;0.00;26.205
759;1563726697.2233;0.05;26.230
760;1563726697.2283;0.05;26.205
761;1563726697.2333;0.05;26.200
762;1563726697.2382;0.00;26.200
763;1563726697.2433;0.00;26.210
764;1563726697.2482;0.00;26.220
765;1563726697.2533;-0.05;26.220
766;1563726697.2583;0.05;26.220
767;1563726697.2633;0.00;26.215
768;1563726697.2683;0.00;26.215
769;1563726697.2734;-0.05;26.215
770;1563726697.2782;0.00;26.200
771;1563726697.2833;0.00;26.210
772;1563726697.2883;0.05;26.210
773;1563726697.2933;0.00;26.210
774;1563726697.2983;0.05;26.230
775;1563726697.3034;0.05;26.205
776;1563726697.3083;0.00;26.205
777;1563726697.3134;0.05;26.210
778;1563726697.3182;0.00;26.230
779;1563726697.3232;-0.05;26.225
780;1563726697.3282;0.00;26.225
781;1563726697.3333;0.00;26.225
782;1563726697.3382;-0.05;26.210
783;1563726697.3432;0.00;26.210
784;1563726697.3483;0.05;26.190
785;1563726697.3532;0.00;26.215
786;1563726697.3582;0.05;26.220
787;1563726697.3633;0.00;26.220
788;1563726697.3683;0.00;26.215
789;1563726697.3734;-0.05;26.205
790;1563726697.3783;0.00;26.205
791;1563726697.3834;0.00;26.225
792;1563726697.3883;-0.05;26.235
793;1563726697.3934;0.05;26.220
794;1563726697.3984;-0.05;26.220
795;1563726697.4033;-0.05;26.195
796;1563726697.4083;0.00;26.230
797;1563726697.4134;0.05;26.220
798;1563726697.4183;-0.05;26.220
799;1563726697.4232;0.00;26.230
800;1563726697.4283;0.00;26.200
801;1563726697.4333;0.00;26.200
802;1563726697.4383;0.00;26.200
803;1563726697.4443;0.00;26.195
804;1563726697.4492;0.00;26.215
805;1563726697.4542;0.00;26.215
806;1563726697.4592;0.00;26.175
807;1563726697.4643;0.00;26.210
808;1563726697.4692;0.00;26.210
809;1563726697.4742;0.00;26.210
810;1563726697.4792;0.00;26.220
811;1563726697.4843;0.05;26.190
812;1563726697.4892;0.05;26.205
813;1563726697.4943;0.05;26.205
814;1563726697.4993;0.00;26.215
815;1563726697.5043;-0.05;26.230
816;1563726697.5093;0.00;26.230
817;1563726697.5143;0.05;26.200
818;1563726697.5193;0.00;26.210
819;1563726697.5243;0.05;26.210
820;1563726697.5293;0.00;26.210
821;1563726697.5343;0.00;26.210
822;1563726697.5393;0.00;26.210
823;1563726697.5443;0.00;26.210
824;1563726697.5492;0.00;26.210
825;1563726697.5543;0.05;26.240
826;1563726697.5593;0.00;26.210
827;1563726697.5642;0.00;26.210
828;1563726697.5692;0.05;26.220
829;1563726697.5742;0.00;26.230
830;1563726697.5792;0.05;26.215
831;1563726697.5842;0.00;26.215
832;1563726697.5892;0.00;26.210
833;1563726697.5942;0.00;26.190
834;1563726697.5992;0.00;26.190
835;1563726697.6042;0.05;26.210
836;1563726697.6093;0.05;26.240
837;1563726697.6142;0.05;26.205
838;1563726697.6192;0.00;26.205
839;1563726697.6242;0.05;26.210
840;1563726697.6292;0.05;26.210
841;1563726697.6342;0.00;26.230
842;1563726697.6393;-0.05;26.230
843;1563726697.6443;0.00;26.210
844;1563726697.6494;0.05;26.190
845;1563726697.6543;0.00;26.190
846;1563726697.6594;0.00;26.250
847;1563726697.6643;0.00;26.220
848;1563726697.6693;0.00;26.230
849;1563726697.6743;0.00;26.230
850;1563726697.6793;0.05;26.210
851;1563726697.6843;0.00;26.220
852;1563726697.6893;0.00;26.220
853;1563726697.6943;0.00;26.200
854;1563726697.6993;0.05;26.210
855;1563726697.7043;0.00;26.210
856;1563726697.7092;0.05;26.210
857;1563726697.7142;0.00;26.205
858;1563726697.7192;-0.05;26.230
859;1563726697.7242;0.05;26.210
860;1563726697.7292;0.00;26.210
861;1563726697.7343;0.05;26.195
862;1563726697.7393;0.05;26.210
863;1563726697.7442;0.00;26.210
864;1563726697.7492;0.00;26.215
865;1563726697.7543;0.00;26.195
866;1563726697.7593;0.05;26.240
867;1563726697.7643;0.05;26.240
868;1563726697.7693;0.00;26.205
869;1563726697.7743;0.00;26.220
870;1563726697.7794;0.00;26.220
871;1563726697.7842;0.00;26.245
872;1563726697.7894;0.00;26.255
873;1563726697.7943;0.00;26.225
874;1563726697.7993;0.00;26.225
875;1563726697.8043;0.00;26.200
876;1563726697.8094;0.00;26.220
877;1563726697.8142;0.00;26.195
878;1563726697.8193;0.00;26.195
879;1563726697.8242;0.00;26.215
880;1563726697.8292;0.00;26.210
881;1563726697.8342;0.00;26.210
882;1563726697.8393;0.05;26.210
883;1563726697.8443;0.00;26.210
884;1563726697.8492;0.00;26.230
885;1563726697.8542;-0.05;26.230
886;1563726697.8592;0.05;26.215
887;1563726697.8643;0.00;26.230
888;1563726697.8693;0.00;26.230
889;1563726697.8743;0.00;26.210
890;1563726697.8793;0.05;26.190
891;1563726697.8843;0.00;26.205
892;1563726697.8893;0.00;26.205
893;1563726697.8944;0.00;26.235
894;1563726697.8992;0.00;26.235
895;1563726697.9043;0.00;26.190
896;1563726697.9092;0.00;26.190
897;1563726697.9143;-0.05;26.235
898;1563726697.9193;0.05;26.200
899;1563726697.9243;0.00;26.200
900;1563726697.9294;0.00;26.205
901;1563726697.9342;0.05;26.205
902;1563726697.9392;-0.05;26.210
903;1563726697.9443;0.00;26.210
904;1563726697.9494;0.00;26.230
905;1563726697.9543;0.00;26.215
906;1563726697.9592;-0.05;26.200
907;1563726697.9642;0.00;26.200
908;1563726697.9692;0.05;26.210
909;1563726697.9743;0.00;26.205
910;1563726697.9792;0.00;26.205
911;1563726697.9842;0.00;26.220
912;1563726697.9892;0.00;26.230
913;1563726697.9942;0.00;26.230
914;1563726697.9992;0.00;26.230
915;1563726698.0042;0.00;26.215
916;1563726698.0092;0.00;26.230
917;1563726698.0142;0.00;26.230
918;1563726698.0192;0.00;26.235
919;1563726698.0243;-0.05;26.195
920;1563726698.0293;0.05;26.225
921;1563726698.0342;0.00;26.225
922;1563726698.0392;0.00;26.195
923;1563726698.0442;0.05;26.250
924;1563726698.0492;0.00;26.210
925;1563726698.0542;0.00;26.210
926;1563726698.0592;0.00;26.235
927;1563726698.0642;0.00;26.230
928;1563726698.0692;0.00;26.230
929;1563726698.0742;0.00;26.230
930;1563726698.0793;0.00;26.230
931;1563726698.0842;0.00;26.240
932;1563726698.0892;0.00;26.240
933;1563726698.0943;0.00;26.215
934;1563726698.0992;0.00;26.235
935;1563726698.1042;0.00;26.235
936;1563726698.1092;0.00;26.230
937;1563726698.1143;0.00;26.220
938;1563726698.1192;0.00;26.220
939;1563726698.1243;0.00;26.220
940;1563726698.1293;0.05;26.225
941;1563726698.1343;0.05;26.210
942;1563726698.1393;0.05;26.200
943;1563726698.1443;0.05;26.200
944;1563726698.1494;0.05;26.205
945;1563726698.1543;0.00;26.210
946;1563726698.1593;0.00;26.210
947;1563726698.1644;0.05;26.205
948;1563726698.1693;0.00;26.185
949;1563726698.1742;0.00;26.190
950;1563726698.1792;0.00;26.190
951;1563726698.1843;0.05;26.220
952;1563726698.1893;0.05;26.185
953;1563726698.1943;0.05;26.185
954;1563726698.1992;0.05;26.210
955;1563726698.2043;0.00;26.215
956;1563726698.2092;0.00;26.210
957;1563726698.2142;0.00;26.210
958;1563726698.2192;0.05;26.190
959;1563726698.2242;0.00;26.195
960;1563726698.2293;0.00;26.225
961;1563726698.2343;0.00;26.225
962;1563726698.2393;-0.05;26.190
963;1563726698.2443;0.00;26.290
964;1563726698.2493;0.05;26.290
965;1563726698.2543;0.00;26.255
966;1563726698.2593;0.00;26.210
967;1563726698.2643;0.00;26.210
968;1563726698.2693;0.05;26.210
969;1563726698.2743;0.00;26.215
970;1563726698.2793;0.05;26.200
971;1563726698.2843;0.00;26.200
972;1563726698.2894;0.00;26.235
973;1563726698.2943;0.00;26.215
974;1563726698.2993;0.05;26.225
975;1563726698.3043;-0.05;26.225
976;1563726698.3094;0.00;26.195
977;1563726698.3144;0.05;26.230
978;1563726698.3193;0.00;26.195
979;1563726698.3242;0.00;26.195
980;1563726698.3292;-0.05;26.230
981;1563726698.3343;0.00;26.235
982;1563726698.3393;0.05;26.235
983;1563726698.3443;0.00;26.200
984;1563726698.3492;0.05;26.205
985;1563726698.3543;0.00;26.215
986;1563726698.3592;0.00;26.215
987;1563726698.3642;0.05;26.200
988;1563726698.3694;0.05;26.210
989;1563726698.3743;0.00;26.230
990;1563726698.3794;0.00;26.230
991;1563726698.3843;0.00;26.235
992;1563726698.3893;0.05;26.225
993;1563726698.3943;0.05;26.225
994;1563726698.3993;0.00;26.240
995;1563726698.4043;0.00;26.210
996;1563726698.4094;0.00;26.220
997;1563726698.4143;0.00;26.220
998;1563726698.4193;0.00;26.230
999;1563726698.4243;0.05;26.230
1000;1563726698.4294;0.00;26.230
1001;1563726698.4343;0.05;26.220
1002;1563726698.4392;0.00;26.225
1003;1563726698.4442;0.00;26.210
1004;1563726698.4493;0.00;26.210
1005;1563726698.4542;0.00;26.235
1006;1563726698.4592;0.00;26.210
1007;1563726698.4642;-0.05;26.260
1008;1563726698.4692;0.00;26.260
1009;1563726698.4742;0.00;26.220
1010;1563726698.4793;0.05;26.235
1011;1563726698.4842;0.05;26.235
1012;1563726698.4892;0.00;26.185
1013;1563726698.4942;0.00;26.230
1014;1563726698.4992;0.00;26.210
1015;1563726698.5042;0.05;26.210
1016;1563726698.5092;0.00;26.205
1017;1563726698.5143;0.00;26.260
1018;1563726698.5193;0.00;26.260
1019;1563726698.5243;0.00;26.195
1020;1563726698.5293;0.00;26.210
1021;1563726698.5343;0.05;26.190
1022;1563726698.5393;-0.05;26.190
1023;1563726698.5443;0.05;26.230
1024;1563726698.5493;0.00;26.195
1025;1563726698.5542;0.00;26.210
1026;1563726698.5593;0.00;26.210
1027;1563726698.5643;0.00;26.220
1028;1563726698.5693;0.00;26.195
1029;1563726698.5742;0.05;26.195
1030;1563726698.5792;0.00;26.235
1031;1563726698.5842;0.00;26.230
1032;1563726698.5892;0.00;26.190
1033;1563726698.5942;0.00;26.190
1034;1563726698.5992;0.00;26.210
1035;1563726698.6043;0.00;26.210
1036;1563726698.6093;0.00;26.210
1037;1563726698.6143;0.00;26.235
1038;1563726698.6192;0.00;26.220
1039;1563726698.6243;0.05;26.210
1040;1563726698.6293;0.00;26.210
1041;1563726698.6343;0.00;26.190
1042;1563726698.6392;0.00;26.190
1043;1563726698.6442;0.00;26.245
1044;1563726698.6494;0.00;26.245
1045;1563726698.6543;0.00;26.190
1046;1563726698.6592;0.00;26.240
1047;1563726698.6643;0.05;26.240
1048;1563726698.6693;0.05;26.210
1049;1563726698.6742;0.05;26.195
1050;1563726698.6793;0.00;26.215
1051;1563726698.6843;0.00;26.215
1052;1563726698.6893;0.00;26.240
1053;1563726698.6943;0.00;26.210
1054;1563726698.6992;-0.05;26.230
1055;1563726698.7042;-0.05;26.230
1056;1563726698.7092;0.00;26.190
1057;1563726698.7143;0.00;26.220
1058;1563726698.7193;0.00;26.220
1059;1563726698.7242;0.00;26.225
1060;1563726698.7292;0.00;26.200
1061;1563726698.7343;0.05;26.215
1062;1563726698.7393;0.00;26.215
1063;1563726698.7443;0.00;26.220
1064;1563726698.7493;0.00;26.260
1065;1563726698.7544;0.00;26.260
1066;1563726698.7594;0.00;26.225
1067;1563726698.7643;-0.05;26.220
1068;1563726698.7694;0.00;26.235
1069;1563726698.7744;0.00;26.235
1070;1563726698.7792;0.00;26.210
1071;1563726698.7843;0.05;26.190
1072;1563726698.7893;0.05;26.190
1073;1563726698.7942;0.00;26.190
1074;1563726698.7994;0.00;26.210
1075;1563726698.8043;0.05;26.205
1076;1563726698.8094;0.00;26.205
1077;1563726698.8143;0.00;26.210
1078;1563726698.8193;0.00;26.185
1079;1563726698.8243;-0.05;26.200
1080;1563726698.8293;0.00;26.200
1081;1563726698.8342;0.05;26.230
1082;1563726698.8392;0.00;26.215
1083;1563726698.8442;0.00;26.215
1084;1563726698.8492;0.00;26.185
1085;1563726698.8543;0.00;26.230
1086;1563726698.8592;0.00;26.235
1087;1563726698.8642;0.05;26.235
1088;1563726698.8693;0.05;26.250
1089;1563726698.8742;0.00;26.200
1090;1563726698.8793;0.05;26.190
1091;1563726698.8843;0.05;26.190
1092;1563726698.8893;0.05;26.215
1093;1563726698.8943;0.00;26.190
1094;1563726698.8992;0.00;26.190
1095;1563726698.9042;0.00;26.230
1096;1563726698.9092;0.00;26.230
1097;1563726698.9143;0.00;26.215
1098;1563726698.9192;0.00;26.215
1099;1563726698.9243;0.00;26.175
1100;1563726698.9292;0.00;26.225
1101;1563726698.9343;0.00;26.225
1102;1563726698.9392;0.05;26.225
1103;1563726698.9443;0.00;26.215
1104;1563726698.9493;0.00;26.235
1105;1563726698.9542;0.00;26.235
1106;1563726698.9592;0.00;26.235
1107;1563726698.9643;0.05;26.210
1108;1563726698.9693;0.00;26.230
1109;1563726698.9742;0.00;26.230
1110;1563726698.9792;0.05;26.210
1111;1563726698.9843;0.05;26.240
1112;1563726698.9892;0.00;26.240
1113;1563726698.9943;-0.05;26.210
1114;1563726698.9992;0.05;26.205
1115;1563726699.0043;0.05;26.240
1116;1563726699.0092;0.05;26.240
1117;1563726699.0143;0.05;26.225
1118;1563726699.0192;0.05;26.175
1119;1563726699.0243;0.00;26.175
1120;1563726699.0292;0.00;26.230
1121;1563726699.0342;0.00;26.205
1122;1563726699.0392;0.00;26.225
1123;1563726699.0443;0.00;26.225
1124;1563726699.0492;0.05;26.190
1125;1563726699.0543;0.00;26.225
1126;1563726699.0592;0.00;26.220
1127;1563726699.0643;0.05;26.220
1128;1563726699.0692;0.00;26.220
1129;1563726699.0743;0.00;26.230
1130;1563726699.0792;0.00;26.230
1131;1563726699.0842;0.05;26.240
1132;1563726699.0892;0.05;26.230
1133;1563726699.0943;0.00;26.215
1134;1563726699.0992;0.00;26.215
1135;1563726699.1042;0.00;26.220
1136;1563726699.1093;0.05;26.220
1137;1563726699.1143;0.05;26.220
1138;1563726699.1192;0.05;26.220
1139;1563726699.1243;0.00;26.235
1140;1563726699.1292;0.00;26.210
1141;1563726699.1343;0.00;26.210
1142;1563726699.1393;0.05;26.210
1143;1563726699.1443;0.00;26.195
1144;1563726699.1493;0.00;26.250
1145;1563726699.1543;0.00;26.250
1146;1563726699.1593;0.05;26.235
1147;1563726699.1643;0.00;26.210
1148;1563726699.1694;0.00;26.210
1149;1563726699.1743;0.05;26.220
1150;1563726699.1792;0.00;26.195
1151;1563726699.1842;0.05;26.250
1152;1563726699.1892;0.00;26.250
1153;1563726699.1943;0.00;26.210
1154;1563726699.1993;0.00;26.205
1155;1563726699.2043;0.00;26.215
1156;1563726699.2095;0.00;26.215
1157;1563726699.2142;0.05;26.220
1158;1563726699.2191;0.00;26.215
1159;1563726699.2243;0.05;26.215
1160;1563726699.2293;0.00;26.215
1161;1563726699.2343;0.00;26.250
1162;1563726699.2393;0.05;26.240
1163;1563726699.2443;0.00;26.240
1164;1563726699.2492;0.05;26.210
1165;1563726699.2543;0.00;26.230
1166;1563726699.2592;0.00;26.230
1167;1563726699.2643;0.00;26.240
1168;1563726699.2692;0.00;26.210
1169;1563726699.2743;0.00;26.240
1170;1563726699.2793;0.05;26.240
1171;1563726699.2843;0.00;26.210
1172;1563726699.2892;0.00;26.210
1173;1563726699.2942;0.00;26.235
1174;1563726699.2993;0.00;26.235
1175;1563726699.3042;0.00;26.200
1176;1563726699.3092;0.00;26.210
1177;1563726699.3142;0.05;26.210
1178;1563726699.3193;0.00;26.220
1179;1563726699.3243;0.00;26.240
1180;1563726699.3292;-0.05;26.195
1181;1563726699.3342;0.00;26.195
1182;1563726699.3392;0.00;26.225
1183;1563726699.3443;0.05;26.210
1184;1563726699.3495;0.00;26.210
1185;1563726699.3542;0.00;26.250
1186;1563726699.3592;0.00;26.220
1187;1563726699.3643;0.05;26.205
1188;1563726699.3693;0.00;26.205
1189;1563726699.3742;0.05;26.225
1190;1563726699.3793;0.00;26.210
1191;1563726699.3843;0.00;26.225
1192;1563726699.3893;0.00;26.225
1193;1563726699.3943;0.05;26.210
1194;1563726699.3994;0.00;26.200
1195;1563726699.4043;0.00;26.200
1196;1563726699.4094;0.00;26.215
1197;1563726699.4143;0.05;26.200
1198;1563726699.4194;0.00;26.195
1199;1563726699.4243;0.00;26.195
1200;1563726699.4294;0.00;26.220
1201;1563726699.4343;0.00;26.190
1202;1563726699.4392;0.05;26.210
1203;1563726699.4442;0.00;26.210
1204;1563726699.4492;0.00;26.190
1205;1563726699.4542;0.05;26.180
1206;1563726699.4592;0.00;26.180
1207;1563726699.4642;0.00;26.210
1208;1563726699.4693;0.00;26.250
1209;1563726699.4742;0.00;26.195
1210;1563726699.4792;0.00;26.195
1211;1563726699.4842;0.05;26.230
1212;1563726699.4893;0.00;26.190
1213;1563726699.4942;0.00;26.190
1214;1563726699.4993;0.00;26.180
1215;1563726699.5042;0.05;26.215
1216;1563726699.5093;0.05;26.215
1217;1563726699.5142;0.00;26.215
1218;1563726699.5192;0.00;26.200
1219;1563726699.5243;0.00;26.200
1220;1563726699.5293;0.00;26.225
1221;1563726699.5343;0.00;26.225
1222;1563726699.5393;0.05;26.225
1223;1563726699.5443;0.00;26.245
1224;1563726699.5494;0.00;26.245
1225;1563726699.5543;0.00;26.210
1226;1563726699.5592;0.00;26.225
1227;1563726699.5642;0.00;26.230
1228;1563726699.5693;0.05;26.230
1229;1563726699.5742;0.00;26.210
1230;1563726699.5792;0.05;26.210
1231;1563726699.5842;0.00;26.210
1232;1563726699.5892;0.05;26.230
1233;1563726699.5942;0.00;26.225
1234;1563726699.5993;0.00;26.195
1235;1563726699.6042;0.00;26.195
1236;1563726699.6092;0.05;26.225
1237;1563726699.6143;0.05;26.225
1238;1563726699.6193;0.05;26.215
1239;1563726699.6243;0.00;26.215
1240;1563726699.6293;0.00;26.250
1241;1563726699.6343;0.05;26.210
1242;1563726699.6394;0.00;26.210
1243;1563726699.6443;0.05;26.230
1244;1563726699.6494;0.05;26.230
1245;1563726699.6543;0.00;26.200
1246;1563726699.6593;0.00;26.200
1247;1563726699.6643;0.00;26.250
1248;1563726699.6694;0.00;26.210
1249;1563726699.6743;0.00;26.210
1250;1563726699.6794;0.05;26.275
1251;1563726699.6844;0.00;26.230
1252;1563726699.6894;0.00;26.225
1253;1563726699.6943;0.00;26.225
1254;1563726699.6992;0.05;26.170
1255;1563726699.7042;0.05;26.215
1256;1563726699.7092;0.00;26.225
1257;1563726699.7143;-0.05;26.225
1258;1563726699.7193;-0.05;26.250
1259;1563726699.7242;0.00;26.210
1260;1563726699.7292;0.05;26.210
1261;1563726699.7342;0.00;26.215
1262;1563726699.7393;0.00;26.190
1263;1563726699.7442;0.00;26.195
1264;1563726699.7494;0.00;26.195
1265;1563726699.7543;0.00;26.225
1266;1563726699.7593;0.00;26.210
1267;1563726699.7644;0.00;26.230
1268;1563726699.7695;0.00;26.230
1269;1563726699.7744;0.00;26.245
1270;1563726699.7794;0.00;26.180
1271;1563726699.7843;0.00;26.180
1272;1563726699.7893;0.00;26.205
1273;1563726699.7942;0.00;26.190
1274;1563726699.7994;0.00;26.195
1275;1563726699.8043;0.00;26.195
1276;1563726699.8092;0.00;26.190
1277;1563726699.8143;0.00;26.185
1278;1563726699.8193;0.05;26.185
1279;1563726699.8243;0.05;26.240
1280;1563726699.8293;0.05;26.200
1281;1563726699.8342;0.00;26.205
1282;1563726699.8392;0.00;26.205
1283;1563726699.8442;0.00;26.210
1284;1563726699.8492;0.05;26.215
1285;1563726699.8542;-0.05;26.245
1286;1563726699.8592;0.00;26.245
1287;1563726699.8642;0.00;26.235
1288;1563726699.8692;0.05;26.210
1289;1563726699.8742;0.00;26.210
1290;1563726699.8792;0.00;26.240
1291;1563726699.8843;0.00;26.195
1292;1563726699.8892;0.00;26.195
1293;1563726699.8942;0.00;26.195
1294;1563726699.8992;0.00;26.230
1295;1563726699.9042;0.00;26.215
1296;1563726699.9092;0.00;26.215
1297;1563726699.9143;-0.05;26.225
1298;1563726699.9193;0.05;26.210
1299;1563726699.9243;0.00;26.195
1300;1563726699.9292;0.00;26.195
1301;1563726699.9342;0.00;26.225
1302;1563726699.9393;0.00;26.220
1303;1563726699.9442;0.00;26.220
1304;1563726699.9492;0.00;26.220
1305;1563726699.9542;0.00;26.230
1306;1563726699.9592;0.00;26.220
1307;1563726699.9643;0.00;26.220
1308;1563726699.9693;0.05;26.205
1309;1563726699.9742;0.00;26.220
1310;1563726699.9792;0.00;26.230
1311;1563726699.9843;0.00;26.230
1312;1563726699.9892;0.00;26.250
1313;1563726699.9943;0.00;26.190
1314;1563726699.9992;0.00;26.190
1315;1563726700.0043;0.00;26.235
1316;1563726700.0093;0.00;26.210
1317;1563726700.0143;0.00;26.225
1318;1563726700.0192;0.05;26.225
1319;1563726700.0243;0.00;26.210
1320;1563726700.0294;0.00;26.250
1321;1563726700.0343;-0.05;26.180
1322;1563726700.0392;0.00;26.180
1323;1563726700.0443;0.00;26.210
1324;1563726700.0492;0.00;26.250
1325;1563726700.0543;0.00;26.250
1326;1563726700.0592;0.00;26.210
1327;1563726700.0643;0.00;26.220
1328;1563726700.0693;-0.05;26.225
1329;1563726700.0742;0.00;26.225
1330;1563726700.0792;0.00;26.195
1331;1563726700.0842;0.00;26.210
1332;1563726700.0892;0.00;26.210
1333;1563726700.0942;0.00;26.210
1334;1563726700.0993;0.00;26.230
1335;1563726700.1042;0.05;26.195
1336;1563726700.1092;0.05;26.195
1337;1563726700.1143;0.00;26.210
1338;1563726700.1193;0.00;26.210
1339;1563726700.1243;-0.05;26.210
1340;1563726700.1293;0.00;26.210
1341;1563726700.1343;0.00;26.215
1342;1563726700.1393;0.00;26.240
1343;1563726700.1443;0.00;26.240
1344;1563726700.1494;0.05;26.240
1345;1563726700.1544;0.10;26.205
1346;1563726700.1592;0.05;26.220
1347;1563726700.1643;0.00;26.220
1348;1563726700.1693;0.05;26.215
1349;1563726700.1743;-0.05;26.210
1350;1563726700.1792;0.00;26.210
1351;1563726700.1842;-0.05;26.210
1352;1563726700.1894;0.05;26.200
1353;1563726700.1942;0.00;26.215
1354;1563726700.1993;0.00;26.215
1355;1563726700.2043;-0.05;26.210
1356;1563726700.2092;0.00;26.190
1357;1563726700.2142;0.05;26.210
1358;1563726700.2192;0.00;26.210
1359;1563726700.2242;0.00;26.195
1360;1563726700.2293;0.00;26.190
1361;1563726700.2342;0.00;26.190
1362;1563726700.2393;0.05;26.220
1363;1563726700.2442;0.05;26.250
1364;1563726700.2493;0.00;26.190
1365;1563726700.2543;-0.05;26.190
1366;1563726700.2592;0.00;26.210
1367;1563726700.2644;-0.05;26.190
1368;1563726700.2693;0.00;26.235
1369;1563726700.2743;0.00;26.235
1370;1563726700.2792;0.00;26.250
1371;1563726700.2843;0.00;26.235
1372;1563726700.2893;0.00;26.235
1373;1563726700.2943;0.00;26.230
1374;1563726700.2993;0.05;26.230
1375;1563726700.3043;0.00;26.210
1376;1563726700.3094;0.00;26.210
1377;1563726700.3143;0.05;26.185
1378;1563726700.3194;0.00;26.240
1379;1563726700.3243;0.00;26.240
1380;1563726700.3292;0.00;26.210
1381;1563726700.3342;0.00;26.210
1382;1563726700.3392;0.00;26.210
1383;1563726700.3442;0.00;26.210
1384;1563726700.3494;0.05;26.195
1385;1563726700.3542;0.00;26.250
1386;1563726700.3593;-0.05;26.230
1387;1563726700.3642;0.05;26.230
1388;1563726700.3694;0.00;26.210
1389;1563726700.3743;0.00;26.215
1390;1563726700.3793;0.00;26.215
1391;1563726700.3843;0.00;26.200
1392;1563726700.3892;0.00;26.235
1393;1563726700.3943;0.00;26.210
1394;1563726700.3994;0.00;26.210
1395;1563726700.4043;0.00;26.210
1396;1563726700.4094;0.00;26.215
1397;1563726700.4143;0.00;26.215
1398;1563726700.4193;0.00;26.225
1399;1563726700.4243;0.00;26.250
1400;1563726700.4294;0.00;26.215
1401;1563726700.4343;0.00;26.215
1402;1563726700.4392;0.00;26.245
1403;1563726700.4443;0.00;26.215
1404;1563726700.4492;0.00;26.230
1405;1563726700.4543;0.00;26.230
1406;1563726700.4592;0.00;26.210
1407;1563726700.4644;0.05;26.225
1408;1563726700.4692;0.00;26.225
1409;1563726700.4743;0.05;26.190
1410;1563726700.4793;0.05;26.205
1411;1563726700.4842;0.05;26.200
1412;1563726700.4892;0.00;26.200
1413;1563726700.4942;0.00;26.230
1414;1563726700.4993;0.00;26.225
1415;1563726700.5043;0.00;26.230
1416;1563726700.5093;0.00;26.230
1417;1563726700.5143;0.00;26.250
1418;1563726700.5193;0.00;26.215
1419;1563726700.5242;0.00;26.215
1420;1563726700.5294;0.00;26.195
1421;1563726700.5343;0.00;26.205
1422;1563726700.5393;0.05;26.230
1423;1563726700.5443;0.00;26.230
1424;1563726700.5493;0.00;26.205
1425;1563726700.5543;0.00;26.185
1426;1563726700.5593;0.00;26.185
1427;1563726700.5642;0.00;26.210
1428;1563726700.5694;0.00;26.230
1429;1563726700.5742;0.05;26.215
1430;1563726700.5792;0.00;26.215
1431;1563726700.5842;0.00;26.225
1432;1563726700.5893;0.00;26.200
1433;1563726700.5943;0.00;26.210
1434;1563726700.5992;-0.05;26.210
1435;1563726700.6042;0.05;26.190
1436;1563726700.6093;0.00;26.210
1437;1563726700.6142;-0.05;26.210
1438;1563726700.6193;0.00;26.235
1439;1563726700.6243;0.00;26.230
1440;1563726700.6293;0.00;26.215
1441;1563726700.6343;0.00;26.215
1442;1563726700.6393;0.00;26.225
1443;1563726700.6443;0.00;26.215
1444;1563726700.6493;0.00;26.215
1445;1563726700.6543;0.00;26.215
1446;1563726700.6593;0.00;26.205
1447;1563726700.6643;0.00;26.240
1448;1563726700.6693;0.00;26.240
1449;1563726700.6743;0.00;26.230
1450;1563726700.6793;0.00;26.210
1451;1563726700.6844;0.00;26.260
1452;1563726700.6894;0.00;26.260
1453;1563726700.6943;0.00;26.210
1454;1563726700.6994;0.00;26.220
1455;1563726700.7043;-0.05;26.220
1456;1563726700.7092;0.00;26.250
1457;1563726700.7141;0.00;26.210
1458;1563726700.7192;0.00;26.210
1459;1563726700.7243;0.00;26.210
1460;1563726700.7293;0.00;26.225
1461;1563726700.7342;0.00;26.250
1462;1563726700.7393;0.05;26.250
1463;1563726700.7442;0.00;26.235
1464;1563726700.7492;0.00;26.205
1465;1563726700.7543;0.00;26.245
1466;1563726700.7593;-0.05;26.245
1467;1563726700.7644;0.05;26.240
1468;1563726700.7693;0.00;26.230
1469;1563726700.7743;0.00;26.195
1470;1563726700.7792;0.05;26.195
1471;1563726700.7843;0.05;26.190
1472;1563726700.7893;0.00;26.210
1473;1563726700.7944;0.00;26.210
1474;1563726700.7993;0.00;26.210
1475;1563726700.8043;0.00;26.170
1476;1563726700.8093;0.00;26.210
1477;1563726700.8143;0.00;26.210
1478;1563726700.8192;-0.05;26.210
1479;1563726700.8242;0.00;26.230
1480;1563726700.8292;0.00;26.230
1481;1563726700.8342;0.00;26.230
1482;1563726700.8392;0.00;26.205
1483;1563726700.8442;0.00;26.170
1484;1563726700.8492;0.00;26.170
1485;1563726700.8542;0.00;26.230
1486;1563726700.8592;0.00;26.215
1487;1563726700.8643;0.00;26.240
1488;1563726700.8692;0.00;26.240
1489;1563726700.8744;0.05;26.230
1490;1563726700.8793;0.00;26.200
1491;1563726700.8843;0.05;26.200
1492;1563726700.8893;0.00;26.225
1493;1563726700.8942;-0.05;26.240
1494;1563726700.8992;0.05;26.205
1495;1563726700.9042;0.00;26.205
1496;1563726700.9093;0.00;26.220
1497;1563726700.9143;0.00;26.240
1498;1563726700.9193;0.00;26.235
1499;1563726700.9243;0.05;26.235
1500;1563726700.9292;0.00;26.215
1501;1563726700.9343;0.00;26.220
1502;1563726700.9393;0.00;26.220
1503;1563726700.9443;0.05;26.220
1504;1563726700.9494;0.00;26.220
1505;1563726700.9543;0.00;26.230
1506;1563726700.9592;0.00;26.230
1507;1563726700.9641;0.00;26.190
1508;1563726700.9692;0.05;26.210
1509;1563726700.9742;0.05;26.210
1510;1563726700.9793;0.00;26.190
1511;1563726700.9842;0.00;26.250
1512;1563726700.9892;0.00;26.225
1513;1563726700.9943;-0.05;26.225
1514;1563726700.9992;0.00;26.215
1515;1563726701.0043;0.00;26.205
1516;1563726701.0092;0.00;26.210
1517;1563726701.0142;0.00;26.210
1518;1563726701.0192;0.00;26.220
1519;1563726701.0243;0.05;26.200
1520;1563726701.0292;0.00;26.200
1521;1563726701.0343;0.00;26.230
1522;1563726701.0393;0.05;26.230
1523;1563726701.0442;0.00;26.220
1524;1563726701.0492;0.00;26.220
1525;1563726701.0542;0.00;26.220
1526;1563726701.0593;0.00;26.220
1527;1563726701.0642;0.05;26.220
1528;1563726701.0692;0.00;26.225
1529;1563726701.0743;0.00;26.260
1530;1563726701.0792;0.00;26.205
1531;1563726701.0842;0.05;26.205
1532;1563726701.0892;0.00;26.215
1533;1563726701.0942;0.05;26.230
1534;1563726701.0993;0.00;26.225
1535;1563726701.1043;0.00;26.225
1536;1563726701.1092;0.00;26.210
1537;1563726701.1142;0.05;26.250
1538;1563726701.1192;0.00;26.250
1539;1563726701.1243;0.00;26.215
1540;1563726701.1292;0.05;26.220
1541;1563726701.1343;0.00;26.225
1542;1563726701.1393;-0.05;26.225
1543;1563726701.1443;0.05;26.230
1544;1563726701.1494;0.00;26.215
1545;1563726701.1543;0.00;26.230
1546;1563726701.1594;0.00;26.230
1547;1563726701.1644;0.00;26.215
1548;1563726701.1694;0.00;26.230
1549;1563726701.1743;0.05;26.230
1550;1563726701.1793;0.00;26.210
1551;1563726701.1842;0.00;26.215
1552;1563726701.1892;0.00;26.275
1553;1563726701.1942;0.05;26.275
1554;1563726701.1992;0.05;26.215
1555;1563726701.2042;0.00;26.190
1556;1563726701.2092;0.05;26.190
1557;1563726701.2143;0.00;26.235
1558;1563726701.2192;0.00;26.210
1559;1563726701.2242;0.00;26.225
1560;1563726701.2294;0.05;26.225
1561;1563726701.2343;0.00;26.235
1562;1563726701.2393;0.05;26.225
1563;1563726701.2442;-0.05;26.190
1564;1563726701.2492;0.00;26.190
1565;1563726701.2543;0.00;26.230
1566;1563726701.2593;0.00;26.190
1567;1563726701.2643;0.00;26.190
1568;1563726701.2693;0.00;26.235
1569;1563726701.2743;0.00;26.185
1570;1563726701.2793;0.05;26.210
1571;1563726701.2844;0.05;26.210
1572;1563726701.2893;-0.05;26.250
1573;1563726701.2944;0.05;26.250
1574;1563726701.2993;0.05;26.250
1575;1563726701.3043;0.00;26.255
1576;1563726701.3094;0.00;26.215
1577;1563726701.3143;0.00;26.230
1578;1563726701.3193;0.00;26.230
1579;1563726701.3243;0.00;26.230
1580;1563726701.3294;0.00;26.205
1581;1563726701.3342;0.00;26.205
1582;1563726701.3393;0.00;26.205
1583;1563726701.3442;0.00;26.250
1584;1563726701.3492;0.00;26.220
1585;1563726701.3543;0.00;26.220
1586;1563726701.3592;0.00;26.215
1587;1563726701.3643;0.00;26.185
1588;1563726701.3692;0.05;26.210
1589;1563726701.3743;0.00;26.210
1590;1563726701.3793;0.00;26.210
1591;1563726701.3844;0.00;26.240
1592;1563726701.3893;0.00;26.240
1593;1563726701.3943;0.00;26.235
1594;1563726701.3994;0.00;26.220
1595;1563726701.4043;0.00;26.220
1596;1563726701.4094;0.05;26.220
1597;1563726701.4144;0.00;26.235
1598;1563726701.4193;0.05;26.240
1599;1563726701.4244;0.00;26.250
1600;1563726701.4292;0.00;26.250
1601;1563726701.4344;0.00;26.195
1602;1563726701.4393;0.00;26.220
1603;1563726701.4443;0.00;26.220
1604;1563726701.4492;0.05;26.235
1605;1563726701.4542;0.05;26.225
1606;1563726701.4593;0.00;26.205
1607;1563726701.4643;0.00;26.205
1608;1563726701.4693;0.05;26.210
1609;1563726701.4742;0.00;26.230
1610;1563726701.4793;0.00;26.230
1611;1563726701.4843;0.00;26.205
1612;1563726701.4892;0.00;26.240
1613;1563726701.4943;0.00;26.230
1614;1563726701.4994;0.00;26.230
1615;1563726701.5044;0.00;26.210
1616;1563726701.5094;0.00;26.215
1617;1563726701.5144;-0.05;26.255
1618;1563726701.5193;-0.05;26.255
1619;1563726701.5244;0.05;26.235
1620;1563726701.5294;0.00;26.235
1621;1563726701.5342;0.00;26.235
1622;1563726701.5393;0.00;26.190
1623;1563726701.5444;-0.05;26.220
1624;1563726701.5494;0.00;26.225
1625;1563726701.5543;0.00;26.225
1626;1563726701.5593;0.00;26.200
1627;1563726701.5643;0.00;26.230
1628;1563726701.5693;0.05;26.245
1629;1563726701.5742;0.00;26.245
1630;1563726701.5792;0.05;26.235
1631;1563726701.5842;0.00;26.210
1632;1563726701.5892;0.05;26.210
1633;1563726701.5943;0.05;26.220
1634;1563726701.5993;0.00;26.225
1635;1563726701.6042;0.00;26.210
1636;1563726701.6092;0.05;26.210
1637;1563726701.6142;0.00;26.175
1638;1563726701.6193;0.00;26.200
1639;1563726701.6243;0.00;26.200
1640;1563726701.6292;0.05;26.200
1641;1563726701.6343;0.05;26.185
1642;1563726701.6393;0.00;26.230
1643;1563726701.6444;0.00;26.230
1644;1563726701.6492;0.00;26.225
1645;1563726701.6544;0.00;26.205
1646;1563726701.6593;0.00;26.230
1647;1563726701.6643;0.00;26.230
1648;1563726701.6692;0.00;26.245
1649;1563726701.6744;0.00;26.205
1650;1563726701.6794;0.00;26.205
1651;1563726701.6843;0.00;26.220
1652;1563726701.6892;0.00;26.210
1653;1563726701.6943;0.05;26.245
1654;1563726701.6993;0.00;26.245
1655;1563726701.7043;0.00;26.245
1656;1563726701.7093;0.00;26.255
1657;1563726701.7142;0.05;26.255
1658;1563726701.7192;0.00;26.230
1659;1563726701.7243;0.00;26.220
1660;1563726701.7292;0.00;26.210
1661;1563726701.7342;0.00;26.210
1662;1563726701.7392;0.00;26.240
1663;1563726701.7443;0.00;26.205
1664;1563726701.7493;0.00;26.210
1665;1563726701.7543;0.00;26.210
1666;1563726701.7592;0.00;26.205
1667;1563726701.7643;0.00;26.200
1668;1563726701.7692;0.05;26.200
1669;1563726701.7742;0.00;26.210
1670;1563726701.7793;-0.05;26.240
1671;1563726701.7842;0.00;26.215
1672;1563726701.7893;0.00;26.215
1673;1563726701.7943;0.00;26.250
1674;1563726701.7993;0.00;26.255
1675;1563726701.8043;0.00;26.255
1676;1563726701.8092;0.05;26.230
1677;1563726701.8144;0.00;26.190
1678;1563726701.8193;0.00;26.235
1679;1563726701.8242;0.00;26.235
1680;1563726701.8292;0.00;26.230
1681;1563726701.8342;0.00;26.220
1682;1563726701.8393;0.00;26.225
1683;1563726701.8443;0.00;26.225
1684;1563726701.8493;0.05;26.210
1685;1563726701.8542;-0.05;26.195
1686;1563726701.8593;0.00;26.195
1687;1563726701.8643;0.00;26.210
1688;1563726701.8693;0.00;26.215
1689;1563726701.8744;0.00;26.205
1690;1563726701.8793;0.00;26.205
1691;1563726701.8844;-0.05;26.235
1692;1563726701.8893;0.00;26.200
1693;1563726701.8943;0.00;26.210
1694;1563726701.8992;0.00;26.210
1695;1563726701.9043;0.00;26.225
1696;1563726701.9092;-0.05;26.230
1697;1563726701.9144;0.05;26.230
1698;1563726701.9194;-0.05;26.205
1699;1563726701.9243;0.05;26.195
1700;1563726701.9293;0.00;26.230
1701;1563726701.9344;0.00;26.230
1702;1563726701.9393;0.00;26.210
1703;1563726701.9444;0.00;26.290
1704;1563726701.9494;0.00;26.290
1705;1563726701.9544;0.00;26.265
1706;1563726701.9592;0.00;26.210
1707;1563726701.9642;0.00;26.190
1708;1563726701.9692;0.00;26.190
1709;1563726701.9742;0.00;26.215
1710;1563726701.9792;0.05;26.190
1711;1563726701.9842;0.00;26.250
1712;1563726701.9893;0.05;26.250
1713;1563726701.9943;0.00;26.245
1714;1563726701.9993;0.00;26.210
1715;1563726702.0043;0.00;26.210
1716;1563726702.0092;0.00;26.200
1717;1563726702.0142;0.00;26.190
1718;1563726702.0193;0.00;26.220
1719;1563726702.0243;0.00;26.220
1720;1563726702.0294;0.00;26.210
1721;1563726702.0344;0.00;26.210
1722;1563726702.0393;0.00;26.210
1723;1563726702.0443;0.05;26.190
1724;1563726702.0494;0.00;26.210
1725;1563726702.0543;0.00;26.250
1726;1563726702.0593;-0.05;26.250
1727;1563726702.0643;0.05;26.190
1728;1563726702.0692;0.05;26.230
1729;1563726702.0743;0.00;26.230
1730;1563726702.0793;0.00;26.230
1731;1563726702.0842;0.00;26.215
1732;1563726702.0892;0.00;26.225
1733;1563726702.0942;-0.05;26.225
1734;1563726702.0992;0.05;26.210
1735;1563726702.1043;0.00;26.220
1736;1563726702.1092;0.00;26.210
1737;1563726702.1142;0.00;26.210
1738;1563726702.1193;0.00;26.205
1739;1563726702.1242;0.00;26.185
1740;1563726702.1293;0.00;26.185
1741;1563726702.1343;0.05;26.210
1742;1563726702.1393;0.00;26.210
1743;1563726702.1443;0.05;26.225
1744;1563726702.1493;0.00;26.225
1745;1563726702.1543;0.00;26.220
1746;1563726702.1593;0.00;26.210
1747;1563726702.1643;0.00;26.240
1748;1563726702.1694;0.00;26.240
1749;1563726702.1744;0.00;26.235
1750;1563726702.1793;0.00;26.175
1751;1563726702.1842;0.00;26.175
1752;1563726702.1893;0.00;26.220
1753;1563726702.1942;0.05;26.210
1754;1563726702.1992;0.00;26.225
1755;1563726702.2042;0.05;26.225
1756;1563726702.2092;0.05;26.220
1757;1563726702.2143;0.05;26.185
1758;1563726702.2193;0.00;26.250
1759;1563726702.2242;0.05;26.250
1760;1563726702.2292;0.00;26.210
1761;1563726702.2342;0.00;26.215
1762;1563726702.2393;0.00;26.215
1763;1563726702.2443;0.00;26.220
1764;1563726702.2493;0.00;26.220
1765;1563726702.2543;0.00;26.210
1766;1563726702.2593;0.00;26.210
1767;1563726702.2643;0.00;26.205
1768;1563726702.2693;0.00;26.210
1769;1563726702.2743;0.00;26.210
1770;1563726702.2792;0.00;26.215
1771;1563726702.2842;0.00;26.195
1772;1563726702.2892;0.00;26.195
1773;1563726702.2943;0.00;26.195
1774;1563726702.2993;0.00;26.220
1775;1563726702.3043;0.05;26.205
1776;1563726702.3094;0.00;26.230
1777;1563726702.3143;0.05;26.230
1778;1563726702.3193;0.05;26.225
1779;1563726702.3243;0.00;26.250
1780;1563726702.3292;0.05;26.250
1781;1563726702.3342;0.00;26.235
1782;1563726702.3392;0.05;26.210
1783;1563726702.3443;0.00;26.230
1784;1563726702.3493;0.05;26.230
1785;1563726702.3542;0.05;26.200
1786;1563726702.3592;0.00;26.215
1787;1563726702.3643;0.00;26.215
1788;1563726702.3692;0.00;26.185
1789;1563726702.3743;0.00;26.210
1790;1563726702.3793;0.00;26.225
1791;1563726702.3843;0.00;26.225
1792;1563726702.3894;0.05;26.220
1793;1563726702.3943;0.00;26.215
1794;1563726702.3993;0.00;26.220
1795;1563726702.4043;0.05;26.220
1796;1563726702.4093;0.05;26.225
1797;1563726702.4144;0.05;26.215
1798;1563726702.4192;0.05;26.215
1799;1563726702.4243;0.00;26.220
1800;1563726702.4293;0.05;26.225
1801;1563726702.4344;0.05;26.250
1802;1563726702.4392;0.05;26.250
1803;1563726702.4442;0.00;26.195
1804;1563726702.4492;0.00;26.235
1805;1563726702.4541;-0.05;26.235
1806;1563726702.4592;0.00;26.215
1807;1563726702.4642;-0.05;26.215
1808;1563726702.4692;0.05;26.210
1809;1563726702.4742;0.00;26.210
1810;1563726702.4792;0.00;26.220
1811;1563726702.4842;0.05;26.180
1812;1563726702.4892;0.00;26.220
1813;1563726702.4942;0.00;26.220
1814;1563726702.4992;0.00;26.210
1815;1563726702.5042;0.00;26.235
1816;1563726702.5093;0.00;26.235
1817;1563726702.5144;0.00;26.220
1818;1563726702.5192;0.00;26.215
1819;1563726702.5243;-0.05;26.215
1820;1563726702.5292;0.00;26.215
1821;1563726702.5342;0.00;26.225
1822;1563726702.5392;0.00;26.235
1823;1563726702.5442;0.00;26.235
1824;1563726702.5492;0.00;26.205
1825;1563726702.5542;0.00;26.210
1826;1563726702.5592;0.00;26.265
1827;1563726702.5642;0.05;26.265
1828;1563726702.5692;0.00;26.210
1829;1563726702.5742;0.05;26.210
1830;1563726702.5792;0.05;26.225
1831;1563726702.5842;0.00;26.225
1832;1563726702.5892;0.05;26.225
1833;1563726702.5941;0.00;26.205
1834;1563726702.5992;0.00;26.205
1835;1563726702.6043;0.00;26.205
1836;1563726702.6093;-0.05;26.210
1837;1563726702.6142;0.05;26.235
1838;1563726702.6193;0.00;26.235
1839;1563726702.6242;0.00;26.215
1840;1563726702.6293;0.00;26.225
1841;1563726702.6343;-0.05;26.195
1842;1563726702.6392;0.00;26.195
1843;1563726702.6443;0.00;26.230
1844;1563726702.6494;0.05;26.205
1845;1563726702.6543;-0.05;26.205
1846;1563726702.6593;0.00;26.195
1847;1563726702.6643;0.00;26.230
1848;1563726702.6694;0.05;26.240
1849;1563726702.6743;0.00;26.240
1850;1563726702.6794;0.00;26.235
1851;1563726702.6843;0.00;26.210
1852;1563726702.6892;0.00;26.210
1853;1563726702.6943;0.00;26.225
1854;1563726702.6992;0.00;26.210
1855;1563726702.7042;0.00;26.210
1856;1563726702.7092;0.05;26.210
1857;1563726702.7142;0.00;26.210
1858;1563726702.7193;-0.05;26.210
1859;1563726702.7242;0.00;26.190
1860;1563726702.7292;0.00;26.190
1861;1563726702.7342;0.05;26.210
1862;1563726702.7393;0.00;26.230
1863;1563726702.7443;0.00;26.230
1864;1563726702.7494;0.00;26.215
1865;1563726702.7543;0.00;26.225
1866;1563726702.7593;0.00;26.210
1867;1563726702.7642;0.00;26.210
1868;1563726702.7694;0.00;26.235
1869;1563726702.7743;0.05;26.220
1870;1563726702.7793;0.00;26.220
1871;1563726702.7843;0.00;26.250
1872;1563726702.7894;0.00;26.220
1873;1563726702.7943;0.05;26.210
1874;1563726702.7992;0.05;26.210
1875;1563726702.8043;0.00;26.220
1876;1563726702.8094;0.00;26.190
1877;1563726702.8143;0.05;26.225
1878;1563726702.8193;0.00;26.225
1879;1563726702.8243;0.05;26.250
1880;1563726702.8292;0.05;26.240
1881;1563726702.8342;0.00;26.240
1882;1563726702.8393;0.00;26.210
1883;1563726702.8442;0.00;26.215
1884;1563726702.8492;0.00;26.235
1885;1563726702.8542;0.00;26.235
1886;1563726702.8592;0.05;26.235
1887;1563726702.8643;0.05;26.225
1888;1563726702.8692;0.00;26.225
1889;1563726702.8743;0.05;26.265
1890;1563726702.8792;0.05;26.230
1891;1563726702.8842;0.00;26.210
1892;1563726702.8893;0.00;26.210
1893;1563726702.8942;0.00;26.220
1894;1563726702.8992;0.05;26.230
1895;1563726702.9042;0.00;26.250
1896;1563726702.9092;0.00;26.250
1897;1563726702.9142;0.00;26.235
1898;1563726702.9193;0.00;26.215
1899;1563726702.9242;-0.05;26.215
1900;1563726702.9293;0.05;26.240
1901;1563726702.9342;0.00;26.190
1902;1563726702.9393;0.00;26.215
1903;1563726702.9442;0.00;26.215
1904;1563726702.9493;0.05;26.250
1905;1563726702.9542;0.00;26.200
1906;1563726702.9592;0.00;26.210
1907;1563726702.9642;0.00;26.210
1908;1563726702.9693;0.00;26.225
1909;1563726702.9742;0.00;26.180
1910;1563726702.9792;0.05;26.180
1911;1563726702.9842;0.00;26.250
1912;1563726702.9893;0.00;26.200
1913;1563726702.9942;0.00;26.230
1914;1563726702.9993;0.00;26.230
1915;1563726703.0042;0.00;26.210
1916;1563726703.0092;0.05;26.240
1917;1563726703.0142;0.00;26.240
1918;1563726703.0192;0.00;26.190
1919;1563726703.0242;0.00;26.230
1920;1563726703.0292;0.05;26.235
1921;1563726703.0342;0.00;26.235
1922;1563726703.0393;0.05;26.200
1923;1563726703.0443;0.00;26.210
1924;1563726703.0494;0.05;26.230
1925;1563726703.0543;0.05;26.230
1926;1563726703.0593;0.00;26.220
1927;1563726703.0643;0.00;26.250
1928;1563726703.0694;0.05;26.250
1929;1563726703.0743;0.00;26.190
1930;1563726703.0792;0.00;26.230
1931;1563726703.0842;0.00;26.200
1932;1563726703.0893;0.00;26.200
1933;1563726703.0942;0.05;26.230
1934;1563726703.0993;0.00;26.200
1935;1563726703.1042;0.00;26.200
1936;1563726703.1092;0.00;26.230
1937;1563726703.1142;0.00;26.210
1938;1563726703.1193;0.05;26.220
1939;1563726703.1244;0.00;26.220
1940;1563726703.1294;0.05;26.210
1941;1563726703.1343;0.05;26.210
1942;1563726703.1393;0.05;26.210
1943;1563726703.1443;0.00;26.210
1944;1563726703.1494;0.05;26.215
1945;1563726703.1543;0.05;26.195
1946;1563726703.1593;0.00;26.195
1947;1563726703.1643;0.00;26.215
1948;1563726703.1694;0.05;26.225
1949;1563726703.1743;0.00;26.215
1950;1563726703.1793;0.00;26.215
1951;1563726703.1842;0.00;26.245
1952;1563726703.1893;0.00;26.200
1953;1563726703.1942;0.00;26.200
1954;1563726703.1992;0.00;26.230
1955;1563726703.2043;0.05;26.190
1956;1563726703.2092;0.05;26.215
1957;1563726703.2143;0.00;26.215
1958;1563726703.2192;0.05;26.255
1959;1563726703.2243;0.05;26.220
1960;1563726703.2292;0.00;26.230
1961;1563726703.2343;0.05;26.230
1962;1563726703.2393;0.05;26.240
1963;1563726703.2443;0.00;26.220
1964;1563726703.2494;0.00;26.220
1965;1563726703.2543;0.00;26.190
1966;1563726703.2593;0.00;26.200
1967;1563726703.2643;-0.05;26.235
1968;1563726703.2694;0.00;26.235
1969;1563726703.2743;0.00;26.225
1970;1563726703.2793;0.00;26.215
1971;1563726703.2844;0.05;26.245
1972;1563726703.2894;0.05;26.245
1973;1563726703.2943;0.00;26.190
1974;1563726703.2993;0.00;26.225
1975;1563726703.3044;0.00;26.225
1976;1563726703.3094;0.00;26.235
1977;1563726703.3143;0.00;26.250
1978;1563726703.3193;0.00;26.235
1979;1563726703.3242;0.00;26.235
1980;1563726703.3292;0.00;26.205
1981;1563726703.3343;0.00;26.235
1982;1563726703.3393;-0.05;26.235
1983;1563726703.3442;0.00;26.225
1984;1563726703.3493;-0.05;26.240
1985;1563726703.3542;0.00;26.220
1986;1563726703.3593;0.00;26.220
1987;1563726703.3642;0.00;26.205
1988;1563726703.3692;0.00;26.250
1989;1563726703.3743;0.00;26.235
1990;1563726703.3792;0.05;26.235
1991;1563726703.3843;0.00;26.245
1992;1563726703.3892;0.00;26.215
1993;1563726703.3943;0.00;26.215
1994;1563726703.3992;0.05;26.215
1995;1563726703.4043;0.00;26.210
1996;1563726703.4093;0.00;26.250
1997;1563726703.4143;0.00;26.250
1998;1563726703.4193;0.05;26.250
1999;1563726703.4243;0.05;26.200
2000;1563726703.4293;0.00;26.200
2001;1563726703.4343;0.00;26.210
2002;1563726703.4392;0.00;26.225
2003;1563726703.4442;0.00;26.225
2004;1563726703.4492;0.00;26.225
2005;1563726703.4542;0.00;26.225
2006;1563726703.4592;0.00;26.220
2007;1563726703.4642;0.00;26.250
2008;1563726703.4692;0.05;26.250
2009;1563726703.4742;0.00;26.200
2010;1563726703.4792;0.00;26.170
2011;1563726703.4842;0.00;26.170
2012;1563726703.4892;0.00;26.240
2013;1563726703.4942;0.00;26.210
2014;1563726703.4992;0.05;26.225
2015;1563726703.5042;0.00;26.225
2016;1563726703.5092;0.00;26.245
2017;1563726703.5143;0.05;26.215
2018;1563726703.5192;0.00;26.215
2019;1563726703.5243;0.05;26.215
2020;1563726703.5293;0.05;26.235
2021;1563726703.5343;0.00;26.210
2022;1563726703.5393;0.00;26.210
2023;1563726703.5442;0.00;26.220
2024;1563726703.5494;0.00;26.215
2025;1563726703.5543;0.00;26.195
2026;1563726703.5593;0.05;26.195
2027;1563726703.5643;0.00;26.245
2028;1563726703.5694;0.05;26.220
2029;1563726703.5742;0.00;26.220
2030;1563726703.5792;0.00;26.230
2031;1563726703.5842;0.05;26.220
2032;1563726703.5892;0.00;26.200
2033;1563726703.5942;0.00;26.200
2034;1563726703.5992;0.00;26.210
2035;1563726703.6043;0.05;26.190
2036;1563726703.6093;0.00;26.185
2037;1563726703.6143;0.00;26.185
2038;1563726703.6193;0.00;26.210
2039;1563726703.6243;0.05;26.210
2040;1563726703.6294;0.05;26.210
2041;1563726703.6343;0.05;26.220
2042;1563726703.6393;0.00;26.230
2043;1563726703.6443;0.00;26.190
2044;1563726703.6494;0.05;26.190
2045;1563726703.6543;0.05;26.220
2046;1563726703.6593;0.00;26.220
2047;1563726703.6643;0.00;26.220
2048;1563726703.6693;0.00;26.215
2049;1563726703.6744;0.00;26.230
2050;1563726703.6793;0.05;26.210
2051;1563726703.6844;0.05;26.210
2052;1563726703.6894;0.00;26.205
2053;1563726703.6943;0.05;26.210
2054;1563726703.6994;0.00;26.230
2055;1563726703.7042;0.00;26.230
2056;1563726703.7092;0.00;26.215
2057;1563726703.7142;0.00;26.215
2058;1563726703.7193;0.05;26.215
2059;1563726703.7243;0.05;26.205
2060;1563726703.7293;0.00;26.230
2061;1563726703.7342;0.00;26.230
2062;1563726703.7392;0.05;26.230
2063;1563726703.7443;0.00;26.225
2064;1563726703.7493;0.00;26.175
2065;1563726703.7543;0.00;26.175
2066;1563726703.7593;0.05;26.220
2067;1563726703.7643;0.00;26.230
2068;1563726703.7693;0.05;26.235
2069;1563726703.7743;0.00;26.235
2070;1563726703.7793;0.05;26.220
2071;1563726703.7843;-0.05;26.225
2072;1563726703.7893;-0.05;26.190
2073;1563726703.7943;0.05;26.190
2074;1563726703.7994;0.00;26.205
2075;1563726703.8043;0.00;26.225
2076;1563726703.8094;0.00;26.225
2077;1563726703.8144;0.00;26.195
2078;1563726703.8193;0.05;26.210
2079;1563726703.8242;0.00;26.220
2080;1563726703.8294;0.00;26.220
2081;1563726703.8342;0.00;26.200
2082;1563726703.8393;0.05;26.205
2083;1563726703.8442;0.00;26.205
2084;1563726703.8492;0.05;26.210
2085;1563726703.8542;0.05;26.205
2086;1563726703.8593;-0.05;26.195
2087;1563726703.8643;0.05;26.195
2088;1563726703.8693;0.05;26.225
2089;1563726703.8743;0.00;26.190
2090;1563726703.8793;0.00;26.255
2091;1563726703.8842;0.00;26.255
2092;1563726703.8892;-0.05;26.225
2093;1563726703.8943;0.05;26.190
2094;1563726703.8992;0.00;26.190
2095;1563726703.9043;0.00;26.230
2096;1563726703.9092;0.00;26.215
2097;1563726703.9142;0.00;26.245
2098;1563726703.9193;0.00;26.245
2099;1563726703.9243;0.00;26.215
2100;1563726703.9294;0.00;26.225
2101;1563726703.9343;0.00;26.225
2102;1563726703.9394;0.00;26.200
2103;1563726703.9443;0.00;26.175
2104;1563726703.9494;0.00;26.230
2105;1563726703.9542;0.00;26.230
2106;1563726703.9592;0.00;26.200
2107;1563726703.9642;0.00;26.200
2108;1563726703.9692;0.00;26.210
2109;1563726703.9742;0.00;26.210
2110;1563726703.9793;0.05;26.240
2111;1563726703.9842;0.05;26.210
2112;1563726703.9893;0.05;26.210
2113;1563726703.9942;0.00;26.240
2114;1563726703.9993;0.00;26.190
2115;1563726704.0042;0.00;26.230
2116;1563726704.0092;0.00;26.230
2117;1563726704.0142;0.00;26.210
2118;1563726704.0192;0.05;26.210
2119;1563726704.0242;0.05;26.245
2120;1563726704.0293;0.00;26.245
2121;1563726704.0342;0.05;26.205
2122;1563726704.0393;0.00;26.225
2123;1563726704.0443;0.05;26.225
2124;1563726704.0494;0.05;26.215
2125;1563726704.0543;0.00;26.250
2126;1563726704.0593;0.00;26.230
2127;1563726704.0643;0.00;26.230
2128;1563726704.0692;0.05;26.225
2129;1563726704.0743;0.00;26.215
2130;1563726704.0792;0.00;26.215
2131;1563726704.0842;0.00;26.240
2132;1563726704.0892;0.00;26.220
2133;1563726704.0943;0.00;26.205
2134;1563726704.0993;0.00;26.205
2135;1563726704.1042;0.00;26.210
2136;1563726704.1092;0.00;26.225
2137;1563726704.1143;0.00;26.225
2138;1563726704.1192;0.00;26.225
2139;1563726704.1243;0.05;26.210
2140;1563726704.1292;0.00;26.220
2141;1563726704.1342;0.00;26.220
2142;1563726704.1393;0.05;26.210
2143;1563726704.1443;0.00;26.215
2144;1563726704.1494;0.00;26.230
2145;1563726704.1543;0.05;26.230
2146;1563726704.1594;0.05;26.210
2147;1563726704.1644;0.00;26.230
2148;1563726704.1692;0.00;26.230
2149;1563726704.1743;-0.05;26.215
2150;1563726704.1792;0.00;26.240
2151;1563726704.1842;0.00;26.225
2152;1563726704.1892;0.00;26.225
2153;1563726704.1943;0.00;26.210
2154;1563726704.1993;0.00;26.210
2155;1563726704.2042;-0.05;26.225
2156;1563726704.2092;0.00;26.225
2157;1563726704.2142;-0.05;26.205
2158;1563726704.2192;0.00;26.195
2159;1563726704.2242;0.00;26.195
2160;1563726704.2294;0.00;26.260
2161;1563726704.2343;0.00;26.225
2162;1563726704.2392;0.00;26.195
2163;1563726704.2443;0.00;26.195
2164;1563726704.2492;0.05;26.205
2165;1563726704.2542;0.05;26.230
2166;1563726704.2592;0.00;26.230
2167;1563726704.2643;0.00;26.225
2168;1563726704.2692;0.00;26.165
2169;1563726704.2742;-0.05;26.235
2170;1563726704.2793;0.05;26.235
2171;1563726704.2843;0.05;26.210
2172;1563726704.2894;0.00;26.185
2173;1563726704.2943;0.00;26.250
2174;1563726704.2993;0.00;26.250
2175;1563726704.3043;0.00;26.175
2176;1563726704.3093;0.00;26.235
2177;1563726704.3143;0.00;26.235
2178;1563726704.3192;0.00;26.205
2179;1563726704.3242;0.00;26.210
2180;1563726704.3292;0.00;26.220
2181;1563726704.3343;0.00;26.220
2182;1563726704.3392;0.00;26.205
2183;1563726704.3443;0.00;26.235
2184;1563726704.3492;0.00;26.260
2185;1563726704.3542;0.00;26.260
2186;1563726704.3592;0.05;26.235
2187;1563726704.3642;0.05;26.205
2188;1563726704.3692;0.00;26.205
2189;1563726704.3743;0.05;26.230
2190;1563726704.3792;0.00;26.210
2191;1563726704.3842;0.00;26.220
2192;1563726704.3892;0.05;26.220
2193;1563726704.3942;0.00;26.220
2194;1563726704.3992;0.00;26.225
2195;1563726704.4042;0.00;26.225
2196;1563726704.4092;0.00;26.205
2197;1563726704.4142;0.00;26.195
2198;1563726704.4192;0.00;26.190
2199;1563726704.4243;0.05;26.190
2200;1563726704.4292;0.05;26.225
2201;1563726704.4343;0.05;26.200
2202;1563726704.4392;0.00;26.190
2203;1563726704.4442;0.00;26.190
2204;1563726704.4492;0.00;26.235
2205;1563726704.4542;0.00;26.200
2206;1563726704.4592;0.00;26.200
2207;1563726704.4642;0.00;26.230
2208;1563726704.4691;0.00;26.220
2209;1563726704.4742;0.00;26.190
2210;1563726704.4792;0.00;26.190
2211;1563726704.4842;0.00;26.230
2212;1563726704.4892;0.00;26.210
2213;1563726704.4947;0.00;26.210
2214;1563726704.4993;0.00;26.215
2215;1563726704.5043;0.00;26.235
2216;1563726704.5092;0.05;26.195
2217;1563726704.5143;0.05;26.195
2218;1563726704.5193;0.00;26.230
2219;1563726704.5243;0.00;26.200
2220;1563726704.5292;-0.05;26.255
2221;1563726704.5343;0.00;26.255
2222;1563726704.5393;0.00;26.250
2223;1563726704.5443;0.00;26.230
2224;1563726704.5494;0.00;26.230
2225;1563726704.5543;0.05;26.230
2226;1563726704.5593;0.00;26.215
2227;1563726704.5643;0.00;26.220
2228;1563726704.5694;0.00;26.220
2229;1563726704.5743;0.05;26.230
2230;1563726704.5792;0.00;26.190
2231;1563726704.5842;0.00;26.190
2232;1563726704.5892;0.05;26.175
2233;1563726704.5942;0.05;26.230
2234;1563726704.5992;0.00;26.225
2235;1563726704.6042;0.05;26.225
2236;1563726704.6092;-0.05;26.230
2237;1563726704.6142;0.05;26.220
2238;1563726704.6192;0.00;26.230
2239;1563726704.6243;0.00;26.230
2240;1563726704.6292;0.00;26.235
2241;1563726704.6342;0.00;26.210
2242;1563726704.6393;0.00;26.210
2243;1563726704.6443;0.05;26.245
2244;1563726704.6494;0.00;26.230
2245;1563726704.6543;0.00;26.235
2246;1563726704.6593;0.00;26.235
2247;1563726704.6644;0.00;26.200
2248;1563726704.6692;0.00;26.250
2249;1563726704.6743;0.00;26.225
2250;1563726704.6794;0.00;26.225
2251;1563726704.6843;0.05;26.205
2252;1563726704.6893;0.05;26.195
2253;1563726704.6943;0.00;26.195
2254;1563726704.6993;0.00;26.240
2255;1563726704.7042;0.00;26.195
2256;1563726704.7091;0.00;26.230
2257;1563726704.7143;0.00;26.230
2258;1563726704.7193;0.05;26.245
2259;1563726704.7243;0.00;26.230
2260;1563726704.7292;0.05;26.230
2261;1563726704.7343;0.05;26.240
2262;1563726704.7393;0.00;26.240
2263;1563726704.7443;0.05;26.220
2264;1563726704.7493;0.00;26.220
2265;1563726704.7543;0.05;26.205
2266;1563726704.7593;0.00;26.205
2267;1563726704.7643;0.05;26.250
2268;1563726704.7694;0.05;26.250
2269;1563726704.7743;0.05;26.245
2270;1563726704.7794;0.00;26.245
2271;1563726704.7843;0.05;26.245
2272;1563726704.7893;0.00;26.205
2273;1563726704.7942;0.05;26.250
2274;1563726704.7993;0.00;26.210
2275;1563726704.8043;0.00;26.210
2276;1563726704.8094;0.00;26.205
2277;1563726704.8143;0.00;26.230
2278;1563726704.8192;0.00;26.230
2279;1563726704.8243;0.00;26.200
2280;1563726704.8292;0.00;26.215
2281;1563726704.8342;0.00;26.210
2282;1563726704.8392;0.05;26.210
2283;1563726704.8442;0.00;26.210
2284;1563726704.8493;0.00;26.220
2285;1563726704.8542;0.00;26.225
2286;1563726704.8592;0.05;26.225
2287;1563726704.8643;0.00;26.240
2288;1563726704.8692;0.00;26.220
2289;1563726704.8742;0.00;26.220
2290;1563726704.8793;0.00;26.240
2291;1563726704.8844;0.00;26.250
2292;1563726704.8893;0.00;26.240
2293;1563726704.8942;0.00;26.240
2294;1563726704.8992;0.00;26.250
2295;1563726704.9043;0.00;26.190
2296;1563726704.9093;0.00;26.190
2297;1563726704.9144;0.05;26.230
2298;1563726704.9196;-0.05;26.175
2299;1563726704.9244;0.05;26.195
2300;1563726704.9293;0.00;26.195
2301;1563726704.9343;0.00;26.205
2302;1563726704.9392;0.05;26.210
2303;1563726704.9443;0.05;26.195
2304;1563726704.9492;0.05;26.195
2305;1563726704.9542;0.00;26.210
2306;1563726704.9592;0.00;26.225
2307;1563726704.9643;0.05;26.225
2308;1563726704.9693;0.00;26.190
2309;1563726704.9742;0.00;26.205
2310;1563726704.9792;0.00;26.210
2311;1563726704.9843;0.00;26.210
2312;1563726704.9892;0.05;26.225
2313;1563726704.9943;0.00;26.230
2314;1563726704.9993;0.00;26.180
2315;1563726705.0043;0.05;26.180
2316;1563726705.0094;0.00;26.220
2317;1563726705.0143;0.00;26.230
2318;1563726705.0192;0.05;26.230
2319;1563726705.0243;0.05;26.250
2320;1563726705.0292;0.05;26.230
2321;1563726705.0342;0.05;26.215
2322;1563726705.0392;0.00;26.215
2323;1563726705.0443;0.00;26.245
2324;1563726705.0493;0.00;26.230
2325;1563726705.0543;0.05;26.230
2326;1563726705.0592;0.00;26.245
2327;1563726705.0643;0.00;26.225
2328;1563726705.0693;0.00;26.230
2329;1563726705.0743;0.00;26.230
2330;1563726705.0792;0.00;26.210
2331;1563726705.0841;0.00;26.230
2332;1563726705.0893;0.00;26.230
2333;1563726705.0942;0.00;26.230
2334;1563726705.0993;0.00;26.225
2335;1563726705.1042;0.00;26.190
2336;1563726705.1093;0.00;26.190
2337;1563726705.1143;0.05;26.240
2338;1563726705.1193;0.05;26.250
2339;1563726705.1243;0.00;26.255
2340;1563726705.1293;0.00;26.255
2341;1563726705.1343;0.00;26.200
2342;1563726705.1393;0.00;26.220
2343;1563726705.1444;0.05;26.220
2344;1563726705.1494;0.00;26.230
2345;1563726705.1544;0.00;26.225
2346;1563726705.1593;0.00;26.195
2347;1563726705.1644;0.00;26.195
2348;1563726705.1693;0.00;26.235
2349;1563726705.1744;0.05;26.210
2350;1563726705.1792;0.00;26.230
2351;1563726705.1842;0.00;26.230
2352;1563726705.1892;0.00;26.210
2353;1563726705.1942;0.00;26.205
2354;1563726705.1992;0.00;26.205
2355;1563726705.2042;0.05;26.205
2356;1563726705.2092;0.00;26.190
2357;1563726705.2142;0.00;26.190
2358;1563726705.2192;0.05;26.190
2359;1563726705.2243;0.00;26.220
2360;1563726705.2293;0.05;26.225
2361;1563726705.2344;0.05;26.225
2362;1563726705.2392;0.05;26.200
2363;1563726705.2443;0.00;26.210
2364;1563726705.2493;0.00;26.205
2365;1563726705.2543;0.00;26.205
2366;1563726705.2593;0.00;26.210
2367;1563726705.2644;0.00;26.205
2368;1563726705.2693;0.05;26.230
2369;1563726705.2743;0.00;26.230
2370;1563726705.2794;0.00;26.195
2371;1563726705.2843;0.00;26.220
2372;1563726705.2894;0.05;26.220
2373;1563726705.2944;0.00;26.230
2374;1563726705.2994;0.00;26.255
2375;1563726705.3044;0.05;26.210
2376;1563726705.3093;0.00;26.210
2377;1563726705.3144;-0.05;26.195
2378;1563726705.3193;0.00;26.230
2379;1563726705.3243;0.00;26.230
2380;1563726705.3292;0.00;26.225
2381;1563726705.3342;0.00;26.215
2382;1563726705.3393;0.00;26.210
2383;1563726705.3443;0.00;26.210
2384;1563726705.3493;0.00;26.205
2385;1563726705.3542;0.00;26.190
2386;1563726705.3593;0.00;26.230
2387;1563726705.3643;0.05;26.230
2388;1563726705.3692;-0.05;26.225
2389;1563726705.3743;0.00;26.230
2390;1563726705.3792;0.00;26.230
2391;1563726705.3842;0.05;26.210
2392;1563726705.3893;0.05;26.235
2393;1563726705.3943;0.05;26.240
2394;1563726705.3992;0.05;26.240
2395;1563726705.4042;0.00;26.210
2396;1563726705.4093;0.05;26.215
2397;1563726705.4143;0.05;26.230
2398;1563726705.4194;-0.05;26.230
2399;1563726705.4242;0.00;26.210
2400;1563726705.4294;0.05;26.210
2401;1563726705.4343;0.00;26.210
2402;1563726705.4392;0.00;26.230
2403;1563726705.4442;0.00;26.230
2404;1563726705.4493;0.00;26.230
2405;1563726705.4542;0.00;26.230
2406;1563726705.4592;0.00;26.235
2407;1563726705.4642;0.00;26.200
2408;1563726705.4692;0.00;26.200
2409;1563726705.4742;0.00;26.205
2410;1563726705.4792;0.00;26.220
2411;1563726705.4842;0.00;26.215
2412;1563726705.4892;0.00;26.215
2413;1563726705.4942;0.00;26.210
2414;1563726705.4992;0.00;26.220
2415;1563726705.5043;0.00;26.240
2416;1563726705.5093;0.00;26.240
2417;1563726705.5143;0.00;26.200
2418;1563726705.5194;0.05;26.205
2419;1563726705.5243;0.00;26.205
2420;1563726705.5295;0.05;26.230
2421;1563726705.5343;0.05;26.210
2422;1563726705.5393;0.05;26.230
2423;1563726705.5444;0.00;26.230
2424;1563726705.5493;0.00;26.215
2425;1563726705.5544;0.00;26.200
2426;1563726705.5594;0.00;26.200
2427;1563726705.5643;0.00;26.245
2428;1563726705.5693;0.05;26.215
2429;1563726705.5742;0.00;26.210
2430;1563726705.5792;0.00;26.210
2431;1563726705.5842;0.00;26.210
2432;1563726705.5892;0.00;26.190
2433;1563726705.5942;0.05;26.200
2434;1563726705.5992;0.00;26.200
2435;1563726705.6042;0.00;26.200
2436;1563726705.6092;0.00;26.205
2437;1563726705.6143;-0.05;26.205
2438;1563726705.6193;0.05;26.250
2439;1563726705.6242;0.05;26.230
2440;1563726705.6294;0.00;26.235
2441;1563726705.6343;0.00;26.235
2442;1563726705.6393;0.05;26.220
2443;1563726705.6443;0.00;26.225
2444;1563726705.6492;0.00;26.225
2445;1563726705.6542;0.00;26.210
2446;1563726705.6594;0.00;26.190
2447;1563726705.6644;0.00;26.190
2448;1563726705.6694;0.00;26.190
2449;1563726705.6743;0.00;26.210
2450;1563726705.6793;0.00;26.220
2451;1563726705.6844;0.05;26.200
2452;1563726705.6892;0.05;26.200
2453;1563726705.6943;0.05;26.220
2454;1563726705.6993;0.00;26.230
2455;1563726705.7042;0.00;26.230
2456;1563726705.7092;0.00;26.210
2457;1563726705.7142;0.00;26.225
2458;1563726705.7196;-0.05;26.215
2459;1563726705.7242;0.00;26.215
2460;1563726705.7293;-0.05;26.240
2461;1563726705.7342;0.05;26.215
2462;1563726705.7393;0.00;26.200
2463;1563726705.7443;-0.05;26.200
2464;1563726705.7492;0.00;26.210
2465;1563726705.7542;0.00;26.230
2466;1563726705.7592;0.00;26.230
2467;1563726705.7643;0.00;26.210
2468;1563726705.7693;0.00;26.215
2469;1563726705.7743;0.00;26.245
2470;1563726705.7794;0.05;26.245
2471;1563726705.7843;0.00;26.210
2472;1563726705.7894;-0.05;26.240
2473;1563726705.7943;0.00;26.240
2474;1563726705.7993;0.00;26.250
2475;1563726705.8043;0.00;26.240
2476;1563726705.8094;-0.05;26.210
2477;1563726705.8142;0.00;26.210
2478;1563726705.8193;0.00;26.235
2479;1563726705.8242;0.00;26.190
2480;1563726705.8292;0.05;26.180
2481;1563726705.8341;0.00;26.180
2482;1563726705.8392;0.00;26.190
2483;1563726705.8443;0.00;26.195
2484;1563726705.8492;0.00;26.195
2485;1563726705.8542;0.00;26.200
2486;1563726705.8593;0.00;26.240
2487;1563726705.8642;0.05;26.215
2488;1563726705.8692;-0.05;26.215
2489;1563726705.8742;0.00;26.195
2490;1563726705.8792;0.00;26.210
2491;1563726705.8843;0.00;26.210
2492;1563726705.8892;0.05;26.230
2493;1563726705.8943;0.00;26.250
2494;1563726705.8992;-0.05;26.195
2495;1563726705.9043;0.05;26.195
2496;1563726705.9092;0.00;26.230
2497;1563726705.9143;0.00;26.250
2498;1563726705.9192;0.05;26.210
2499;1563726705.9243;0.05;26.210
2500;1563726705.9293;0.05;26.225
2501;1563726705.9343;0.00;26.200
2502;1563726705.9393;0.05;26.200
2503;1563726705.9443;0.05;26.210
2504;1563726705.9492;0.00;26.210
2505;1563726705.9543;-0.05;26.205
2506;1563726705.9592;0.00;26.205
2507;1563726705.9642;0.00;26.210
2508;1563726705.9693;0.00;26.215
2509;1563726705.9742;0.05;26.215
2510;1563726705.9792;0.00;26.215
2511;1563726705.9842;0.05;26.240
2512;1563726705.9892;0.00;26.175
2513;1563726705.9943;0.05;26.175
2514;1563726705.9992;0.00;26.185
2515;1563726706.0042;0.00;26.230
2516;1563726706.0092;0.00;26.230
2517;1563726706.0142;0.05;26.230
2518;1563726706.0193;0.00;26.245
2519;1563726706.0243;0.00;26.225
2520;1563726706.0292;-0.05;26.225
2521;1563726706.0343;0.05;26.255
2522;1563726706.0393;0.00;26.200
2523;1563726706.0442;-0.05;26.210
2524;1563726706.0493;0.00;26.210
2525;1563726706.0544;0.00;26.230
2526;1563726706.0593;0.00;26.230
2527;1563726706.0643;0.00;26.230
2528;1563726706.0694;0.00;26.230
2529;1563726706.0743;0.00;26.220
2530;1563726706.0792;0.05;26.240
2531;1563726706.0842;0.05;26.240
2532;1563726706.0892;0.00;26.230
2533;1563726706.0942;0.05;26.235
2534;1563726706.0992;0.05;26.230
2535;1563726706.1043;0.00;26.230
2536;1563726706.1092;0.05;26.230
2537;1563726706.1143;0.05;26.210
2538;1563726706.1192;0.00;26.210
2539;1563726706.1243;-0.05;26.205
2540;1563726706.1292;0.00;26.205
2541;1563726706.1342;0.00;26.200
2542;1563726706.1393;0.00;26.200
2543;1563726706.1443;0.00;26.210
2544;1563726706.1493;0.00;26.250
2545;1563726706.1543;0.00;26.205
2546;1563726706.1594;-0.05;26.205
2547;1563726706.1644;0.00;26.210
2548;1563726706.1694;0.00;26.210
2549;1563726706.1743;0.00;26.210
2550;1563726706.1794;0.05;26.185
2551;1563726706.1842;0.00;26.210
2552;1563726706.1893;0.05;26.230
2553;1563726706.1943;0.00;26.230
2554;1563726706.1992;0.05;26.230
2555;1563726706.2042;0.00;26.230
2556;1563726706.2092;0.00;26.230
2557;1563726706.2143;0.00;26.230
2558;1563726706.2193;0.00;26.250
2559;1563726706.2242;-0.05;26.210
2560;1563726706.2292;0.00;26.210
2561;1563726706.2342;0.00;26.235
2562;1563726706.2393;0.00;26.220
2563;1563726706.2443;-0.05;26.225
2564;1563726706.2492;0.00;26.225
2565;1563726706.2543;0.00;26.230
2566;1563726706.2592;0.00;26.225
2567;1563726706.2643;0.05;26.225
2568;1563726706.2694;0.00;26.240
2569;1563726706.2744;0.00;26.245
2570;1563726706.2794;0.00;26.195
2571;1563726706.2843;0.05;26.195
2572;1563726706.2894;0.05;26.235
2573;1563726706.2943;-0.05;26.265
2574;1563726706.2994;0.00;26.265
2575;1563726706.3043;0.00;26.250
2576;1563726706.3094;0.00;26.205
2577;1563726706.3143;0.00;26.235
2578;1563726706.3194;0.05;26.235
2579;1563726706.3243;0.00;26.195
2580;1563726706.3293;0.05;26.220
2581;1563726706.3342;-0.05;26.235
2582;1563726706.3392;-0.05;26.235
2583;1563726706.3442;0.00;26.250
2584;1563726706.3492;0.05;26.220
2585;1563726706.3544;0.00;26.220
2586;1563726706.3592;0.05;26.260
2587;1563726706.3642;0.00;26.220
2588;1563726706.3693;0.00;26.240
2589;1563726706.3743;0.00;26.240
2590;1563726706.3793;0.00;26.250
2591;1563726706.3843;0.05;26.210
2592;1563726706.3893;0.05;26.225
2593;1563726706.3943;0.00;26.225
2594;1563726706.3993;0.00;26.205
2595;1563726706.4043;0.05;26.195
2596;1563726706.4094;0.05;26.195
2597;1563726706.4143;0.00;26.215
2598;1563726706.4193;0.00;26.255
2599;1563726706.4243;0.00;26.195
2600;1563726706.4294;0.00;26.195
2601;1563726706.4343;0.00;26.230
2602;1563726706.4392;0.00;26.230
2603;1563726706.4442;0.00;26.230
2604;1563726706.4492;0.00;26.225
2605;1563726706.4542;0.00;26.230
2606;1563726706.4592;0.00;26.190
2607;1563726706.4643;0.00;26.190
2608;1563726706.4693;0.00;26.230
2609;1563726706.4742;-0.05;26.265
2610;1563726706.4793;-0.05;26.245
2611;1563726706.4843;0.00;26.245
2612;1563726706.4893;0.00;26.205
2613;1563726706.4943;0.00;26.230
2614;1563726706.4992;0.00;26.230
2615;1563726706.5043;0.00;26.230
2616;1563726706.5092;0.00;26.195
2617;1563726706.5143;0.00;26.215
2618;1563726706.5194;0.00;26.215
2619;1563726706.5242;0.00;26.210
2620;1563726706.5294;0.00;26.205
2621;1563726706.5343;0.00;26.205
2622;1563726706.5393;-0.05;26.240
2623;1563726706.5443;0.00;26.225
2624;1563726706.5492;0.00;26.230
2625;1563726706.5543;0.00;26.230
2626;1563726706.5593;0.00;26.225
2627;1563726706.5643;0.00;26.225
2628;1563726706.5693;0.00;26.220
2629;1563726706.5743;0.05;26.220
2630;1563726706.5792;0.00;26.250
2631;1563726706.5842;0.00;26.210
2632;1563726706.5892;0.00;26.210
2633;1563726706.5942;0.00;26.200
2634;1563726706.5993;0.00;26.215
2635;1563726706.6043;0.00;26.230
2636;1563726706.6092;0.00;26.230
2637;1563726706.6143;0.00;26.215
2638;1563726706.6192;0.00;26.210
2639;1563726706.6243;0.00;26.210
2640;1563726706.6292;0.00;26.230
2641;1563726706.6343;0.00;26.220
2642;1563726706.6393;0.00;26.210
2643;1563726706.6443;0.00;26.210
2644;1563726706.6493;0.05;26.205
2645;1563726706.6543;0.00;26.185
2646;1563726706.6593;0.00;26.245
2647;1563726706.6644;0.00;26.245
2648;1563726706.6693;0.05;26.190
2649;1563726706.6744;0.00;26.200
2650;1563726706.6794;0.00;26.200
2651;1563726706.6843;0.05;26.230
2652;1563726706.6893;0.05;26.235
2653;1563726706.6944;0.00;26.205
2654;1563726706.6992;0.00;26.205
2655;1563726706.7042;0.05;26.250
2656;1563726706.7092;-0.05;26.230
2657;1563726706.7143;0.00;26.230
2658;1563726706.7192;0.00;26.220
2659;1563726706.7242;0.00;26.200
2660;1563726706.7292;0.00;26.180
2661;1563726706.7342;0.00;26.180
2662;1563726706.7393;0.00;26.250
2663;1563726706.7442;0.00;26.265
2664;1563726706.7492;0.00;26.250
2665;1563726706.7543;0.05;26.250
2666;1563726706.7593;0.00;26.230
2667;1563726706.7643;0.05;26.210
2668;1563726706.7693;0.00;26.210
2669;1563726706.7744;-0.05;26.225
2670;1563726706.7792;0.00;26.215
2671;1563726706.7844;0.05;26.205
2672;1563726706.7893;0.00;26.205
2673;1563726706.7944;0.00;26.240
2674;1563726706.7992;0.00;26.200
2675;1563726706.8043;-0.05;26.235
2676;1563726706.8093;0.05;26.235
2677;1563726706.8143;0.00;26.205
2678;1563726706.8192;0.05;26.200
2679;1563726706.8243;0.00;26.200
2680;1563726706.8292;-0.05;26.240
2681;1563726706.8342;0.00;26.205
2682;1563726706.8392;0.00;26.210
2683;1563726706.8443;0.00;26.210
2684;1563726706.8492;0.05;26.220
2685;1563726706.8542;0.00;26.205
2686;1563726706.8592;0.00;26.205
2687;1563726706.8643;0.05;26.205
2688;1563726706.8692;0.00;26.210
2689;1563726706.8742;0.05;26.240
2690;1563726706.8792;0.05;26.240
2691;1563726706.8844;0.00;26.230
2692;1563726706.8892;0.00;26.220
2693;1563726706.8943;0.00;26.210
2694;1563726706.8992;0.00;26.210
2695;1563726706.9042;0.05;26.200
2696;1563726706.9092;0.05;26.240
2697;1563726706.9144;0.00;26.240
2698;1563726706.9193;0.00;26.245
2699;1563726706.9243;0.00;26.215
2700;1563726706.9292;0.05;26.190
2701;1563726706.9344;0.00;26.190
2702;1563726706.9393;0.05;26.230
2703;1563726706.9443;0.00;26.190
2704;1563726706.9494;0.00;26.190
2705;1563726706.9543;0.05;26.180
2706;1563726706.9592;0.05;26.235
2707;1563726706.9642;0.00;26.250
2708;1563726706.9692;0.00;26.250
2709;1563726706.9742;0.00;26.225
2710;1563726706.9792;0.05;26.225
2711;1563726706.9842;0.00;26.225
2712;1563726706.9892;0.05;26.225
2713;1563726706.9942;0.00;26.235
